PLOT,WORST,WORLD,PERFECT,MINUTES,EXCELLENT,BAD,WONDERFUL,LOVED,WASTE,RESULT
0, 0, 0, 0, 0, 0, 0, 0, 0, 0, 0
0, 0, 0, 0, 0, 0, 1, 0, 0, 0, 0
0, 0, 0, 0, 0, 0, 0, 0, 0, 0, 0
0, 1, 0, 0, 1, 0, 0, 0, 0, 0, 0
0, 1, 0, 0, 1, 0, 0, 0, 0, 0, 0
0, 0, 0, 0, 0, 0, 0, 0, 0, 0, 0
0, 0, 1, 0, 1, 0, 1, 0, 0, 0, 0
0, 0, 0, 0, 0, 0, 0, 0, 0, 1, 0
1, 1, 0, 0, 0, 0, 1, 0, 0, 0, 0
0, 1, 0, 0, 0, 0, 0, 0, 0, 0, 0
1, 1, 0, 0, 1, 0, 0, 0, 0, 0, 0
0, 0, 0, 0, 1, 0, 0, 0, 0, 0, 0
0, 1, 0, 0, 1, 0, 1, 0, 0, 0, 0
1, 0, 0, 0, 0, 0, 1, 0, 0, 0, 0
0, 0, 0, 0, 0, 0, 0, 0, 0, 0, 0
1, 0, 0, 0, 0, 0, 1, 0, 0, 0, 0
1, 0, 0, 0, 0, 0, 0, 0, 0, 0, 0
0, 0, 0, 0, 0, 0, 0, 0, 0, 0, 0
1, 0, 0, 0, 0, 0, 1, 0, 0, 1, 0
0, 0, 0, 0, 0, 0, 0, 0, 0, 0, 0
1, 0, 0, 0, 0, 0, 0, 0, 0, 0, 0
0, 0, 0, 0, 0, 0, 0, 0, 0, 0, 0
1, 0, 0, 0, 0, 0, 0, 0, 0, 0, 0
0, 0, 0, 0, 1, 0, 0, 0, 0, 0, 0
0, 1, 0, 0, 1, 0, 0, 0, 0, 0, 0
0, 0, 0, 0, 0, 0, 1, 0, 0, 0, 0
0, 0, 0, 0, 1, 0, 0, 0, 0, 0, 0
1, 0, 0, 0, 0, 0, 1, 0, 0, 0, 0
0, 0, 0, 0, 0, 0, 0, 0, 0, 0, 0
1, 1, 0, 0, 0, 0, 1, 0, 0, 0, 0
0, 1, 0, 0, 0, 0, 1, 0, 0, 0, 0
0, 0, 0, 0, 0, 0, 0, 0, 0, 0, 0
1, 0, 0, 0, 0, 0, 0, 0, 0, 0, 0
0, 0, 0, 0, 0, 0, 0, 0, 0, 0, 0
1, 1, 0, 0, 1, 0, 0, 0, 0, 0, 0
0, 0, 0, 0, 0, 0, 0, 0, 0, 1, 0
0, 0, 0, 0, 0, 0, 0, 0, 0, 0, 0
1, 1, 0, 0, 0, 0, 0, 0, 0, 0, 0
0, 0, 0, 0, 0, 0, 0, 0, 0, 0, 0
1, 0, 0, 0, 0, 0, 0, 0, 0, 1, 0
0, 0, 0, 0, 0, 0, 1, 0, 0, 0, 0
1, 0, 0, 0, 0, 0, 1, 0, 0, 1, 0
0, 1, 0, 0, 1, 0, 0, 0, 0, 0, 0
1, 0, 0, 0, 0, 0, 0, 0, 0, 0, 0
0, 0, 0, 0, 0, 0, 0, 0, 0, 0, 0
0, 0, 0, 0, 0, 0, 1, 0, 0, 0, 0
0, 1, 0, 0, 0, 0, 1, 0, 0, 1, 0
1, 0, 0, 0, 0, 0, 0, 0, 0, 0, 0
0, 1, 0, 0, 0, 0, 1, 0, 0, 0, 0
0, 0, 0, 0, 1, 0, 1, 0, 0, 0, 0
1, 0, 0, 0, 0, 0, 1, 0, 0, 0, 0
0, 0, 0, 0, 0, 0, 0, 0, 0, 0, 0
0, 0, 0, 0, 0, 0, 0, 0, 0, 0, 0
0, 0, 0, 0, 0, 0, 0, 0, 0, 0, 0
1, 0, 0, 0, 0, 0, 1, 0, 0, 1, 0
1, 0, 0, 0, 0, 0, 1, 0, 0, 0, 0
1, 0, 0, 0, 1, 0, 0, 0, 0, 0, 0
0, 1, 0, 0, 0, 0, 1, 0, 0, 0, 0
1, 0, 0, 0, 0, 0, 0, 0, 0, 0, 0
1, 0, 0, 0, 0, 0, 0, 0, 0, 0, 0
1, 1, 0, 0, 1, 0, 0, 0, 0, 0, 0
0, 1, 0, 0, 0, 0, 1, 0, 0, 0, 0
0, 0, 0, 0, 1, 0, 0, 0, 0, 0, 0
0, 0, 0, 0, 0, 0, 0, 0, 0, 0, 0
0, 0, 0, 0, 0, 0, 1, 0, 0, 0, 0
0, 0, 0, 0, 0, 0, 1, 0, 0, 0, 0
1, 0, 0, 0, 0, 0, 0, 0, 0, 0, 0
0, 0, 0, 0, 0, 0, 0, 0, 0, 0, 0
0, 0, 0, 0, 0, 0, 0, 0, 0, 0, 0
1, 0, 0, 0, 0, 0, 0, 0, 0, 0, 0
1, 0, 0, 0, 0, 0, 0, 0, 0, 0, 0
1, 0, 0, 0, 0, 0, 1, 0, 0, 0, 0
0, 0, 0, 0, 1, 0, 0, 0, 0, 0, 0
1, 0, 0, 0, 0, 0, 0, 0, 0, 0, 0
0, 0, 0, 0, 0, 0, 0, 0, 0, 0, 0
0, 0, 0, 0, 0, 0, 0, 0, 0, 0, 0
1, 0, 0, 0, 0, 0, 0, 0, 0, 0, 0
0, 0, 0, 0, 0, 0, 0, 0, 0, 0, 0
0, 0, 0, 0, 0, 0, 1, 0, 0, 1, 0
1, 0, 0, 0, 0, 0, 0, 0, 0, 0, 0
0, 0, 0, 0, 0, 0, 0, 0, 0, 0, 0
1, 0, 0, 0, 0, 0, 1, 0, 0, 0, 0
0, 0, 1, 0, 0, 0, 0, 0, 0, 0, 0
0, 0, 0, 0, 0, 0, 0, 0, 0, 0, 0
0, 0, 0, 0, 0, 0, 0, 0, 0, 0, 0
0, 0, 0, 0, 0, 0, 0, 0, 0, 0, 0
1, 0, 0, 0, 0, 0, 0, 0, 0, 0, 0
1, 0, 0, 0, 0, 0, 0, 0, 0, 0, 0
0, 0, 0, 0, 0, 0, 0, 0, 0, 0, 0
1, 0, 0, 0, 0, 0, 0, 0, 0, 0, 0
0, 0, 0, 0, 0, 0, 0, 0, 0, 0, 0
0, 0, 0, 0, 0, 0, 0, 0, 0, 0, 0
0, 0, 0, 0, 0, 0, 1, 0, 0, 0, 0
0, 0, 0, 0, 0, 0, 0, 0, 0, 0, 0
1, 0, 0, 0, 0, 0, 0, 0, 0, 0, 0
0, 0, 0, 0, 0, 0, 1, 0, 0, 0, 0
0, 0, 0, 0, 0, 0, 1, 0, 0, 0, 0
0, 1, 0, 0, 1, 0, 1, 0, 0, 0, 0
0, 0, 0, 0, 0, 0, 0, 0, 0, 0, 0
1, 0, 0, 0, 0, 0, 0, 0, 0, 0, 0
0, 0, 0, 0, 0, 0, 0, 0, 0, 0, 1
0, 0, 0, 1, 0, 0, 0, 0, 0, 0, 1
0, 0, 0, 0, 0, 0, 0, 1, 1, 0, 1
0, 0, 0, 0, 0, 0, 0, 0, 0, 0, 1
0, 0, 0, 1, 0, 0, 0, 1, 0, 0, 1
0, 0, 0, 0, 0, 0, 0, 0, 0, 0, 1
0, 0, 1, 0, 0, 0, 0, 0, 0, 0, 1
0, 0, 0, 0, 0, 0, 0, 0, 1, 0, 1
1, 0, 0, 0, 0, 0, 0, 0, 0, 0, 1
0, 0, 0, 0, 0, 0, 0, 0, 0, 0, 1
0, 0, 0, 0, 0, 0, 0, 0, 0, 0, 1
0, 0, 1, 0, 0, 1, 0, 0, 0, 0, 1
0, 0, 0, 0, 0, 0, 0, 0, 0, 0, 1
0, 0, 1, 0, 0, 0, 0, 0, 0, 0, 1
0, 0, 1, 0, 0, 0, 1, 0, 0, 0, 1
0, 0, 1, 0, 0, 0, 0, 0, 0, 0, 1
0, 0, 0, 0, 0, 0, 0, 0, 0, 0, 1
0, 0, 0, 0, 0, 0, 0, 0, 0, 0, 1
0, 0, 0, 1, 0, 1, 0, 1, 1, 0, 1
0, 0, 1, 0, 0, 0, 0, 0, 0, 0, 1
0, 0, 0, 0, 0, 0, 0, 0, 0, 0, 1
0, 0, 0, 0, 1, 0, 0, 0, 0, 0, 1
0, 0, 1, 0, 1, 0, 1, 0, 0, 0, 1
0, 0, 0, 0, 0, 0, 0, 0, 0, 0, 1
0, 0, 0, 0, 0, 0, 0, 0, 0, 0, 1
0, 0, 0, 0, 0, 0, 0, 0, 0, 0, 1
0, 0, 0, 0, 0, 0, 0, 0, 0, 0, 1
0, 0, 0, 0, 0, 0, 0, 0, 0, 0, 1
0, 0, 0, 0, 0, 1, 0, 0, 0, 0, 1
0, 0, 0, 1, 0, 0, 0, 0, 1, 0, 1
0, 0, 0, 0, 0, 0, 0, 1, 0, 0, 1
0, 0, 0, 0, 0, 0, 0, 0, 1, 0, 1
0, 0, 0, 0, 0, 0, 0, 0, 0, 0, 1
0, 0, 0, 0, 0, 1, 0, 0, 0, 0, 1
0, 0, 0, 0, 0, 0, 0, 0, 0, 0, 1
1, 0, 1, 0, 0, 0, 0, 0, 0, 0, 1
0, 0, 0, 0, 0, 1, 0, 0, 0, 0, 1
0, 0, 0, 0, 0, 0, 0, 0, 0, 0, 1
0, 0, 1, 0, 0, 0, 0, 0, 0, 0, 1
0, 0, 0, 0, 0, 0, 0, 0, 0, 0, 1
0, 0, 0, 0, 0, 0, 0, 0, 0, 0, 1
0, 0, 0, 0, 0, 0, 0, 0, 0, 0, 1
0, 0, 1, 1, 0, 0, 0, 0, 0, 0, 1
0, 0, 0, 0, 0, 0, 0, 0, 0, 0, 1
0, 0, 0, 0, 0, 0, 0, 0, 0, 0, 1
0, 0, 1, 0, 0, 0, 0, 0, 0, 0, 1
0, 0, 1, 0, 0, 0, 0, 0, 0, 0, 1
0, 0, 0, 0, 0, 0, 0, 0, 0, 0, 1
1, 0, 0, 0, 0, 0, 0, 1, 0, 0, 1
0, 0, 1, 0, 0, 0, 0, 0, 0, 0, 1
0, 0, 0, 1, 0, 0, 0, 1, 0, 0, 1
0, 0, 0, 0, 0, 0, 1, 0, 0, 0, 1
0, 0, 0, 0, 0, 0, 0, 0, 0, 0, 1
0, 0, 1, 0, 0, 0, 0, 0, 0, 0, 1
0, 0, 0, 0, 0, 0, 0, 0, 1, 0, 1
0, 0, 0, 0, 0, 0, 1, 0, 0, 0, 1
0, 0, 0, 0, 0, 0, 0, 0, 0, 0, 1
0, 0, 0, 0, 0, 0, 0, 0, 0, 0, 1
0, 0, 0, 0, 0, 0, 0, 0, 0, 0, 1
1, 0, 0, 0, 0, 0, 0, 0, 0, 0, 1
0, 0, 0, 0, 0, 1, 0, 0, 0, 0, 1
0, 0, 1, 0, 0, 1, 0, 0, 0, 0, 1
0, 0, 0, 0, 0, 0, 0, 0, 0, 0, 1
1, 0, 0, 0, 0, 0, 0, 0, 0, 0, 1
0, 0, 0, 0, 0, 0, 0, 0, 0, 0, 1
0, 0, 0, 0, 0, 0, 0, 0, 0, 0, 1
0, 0, 0, 1, 0, 0, 0, 1, 0, 0, 1
0, 0, 0, 0, 0, 0, 0, 0, 0, 0, 1
0, 0, 0, 0, 0, 0, 0, 0, 0, 0, 1
0, 0, 0, 1, 0, 0, 0, 1, 0, 0, 1
0, 0, 0, 0, 0, 0, 0, 0, 0, 0, 1
0, 0, 0, 0, 0, 0, 0, 0, 0, 0, 1
0, 0, 0, 0, 0, 0, 0, 0, 0, 0, 1
0, 0, 0, 1, 0, 0, 0, 0, 0, 0, 1
0, 0, 0, 0, 0, 0, 0, 0, 0, 0, 1
0, 0, 1, 0, 0, 1, 1, 0, 0, 0, 1
0, 0, 0, 0, 0, 0, 0, 0, 0, 0, 1
0, 0, 0, 0, 0, 0, 0, 0, 0, 0, 1
0, 0, 0, 0, 0, 1, 0, 0, 0, 0, 1
0, 1, 0, 0, 0, 0, 1, 0, 0, 0, 1
0, 0, 0, 0, 0, 0, 0, 0, 0, 0, 1
0, 0, 0, 0, 0, 0, 0, 0, 0, 0, 1
0, 0, 1, 0, 0, 0, 0, 0, 0, 0, 1
0, 0, 0, 0, 0, 0, 0, 0, 0, 0, 1
0, 0, 1, 0, 0, 0, 1, 0, 0, 0, 1
0, 0, 0, 0, 0, 0, 0, 0, 1, 0, 1
0, 0, 0, 0, 0, 0, 0, 0, 0, 0, 1
0, 0, 0, 1, 0, 0, 0, 0, 1, 0, 1
0, 0, 0, 0, 0, 0, 0, 0, 0, 0, 1
1, 0, 0, 0, 0, 0, 0, 0, 0, 0, 1
0, 0, 0, 1, 0, 0, 0, 0, 0, 0, 1
0, 0, 1, 0, 0, 0, 1, 0, 0, 0, 1
0, 0, 0, 0, 0, 0, 0, 0, 0, 0, 1
0, 0, 0, 0, 0, 0, 1, 0, 0, 0, 1
0, 0, 0, 0, 0, 0, 0, 1, 0, 0, 1
0, 0, 0, 0, 0, 0, 0, 0, 0, 0, 1
0, 0, 0, 0, 0, 0, 1, 0, 0, 0, 1
0, 0, 1, 0, 0, 1, 0, 0, 0, 0, 1
0, 0, 0, 0, 0, 0, 0, 0, 0, 0, 1
0, 0, 0, 0, 0, 0, 0, 0, 0, 0, 1
