BAD,WORST,GREAT,WONDERFUL,EXCELLENT,WASTE,NO,AWFUL,PLOT,POOR,RESULT
0, 0, 0, 0, 0, 0, 0, 0, 0, 0, 0
1, 0, 0, 0, 0, 0, 0, 0, 0, 0, 0
0, 0, 0, 0, 0, 0, 0, 0, 0, 0, 0
0, 1, 0, 0, 0, 0, 0, 0, 0, 0, 0
0, 1, 0, 0, 0, 0, 1, 1, 0, 0, 0
0, 0, 0, 0, 0, 0, 0, 0, 0, 0, 0
1, 0, 0, 0, 0, 0, 1, 0, 0, 0, 0
0, 0, 0, 0, 0, 1, 0, 0, 0, 0, 0
1, 1, 0, 0, 0, 0, 1, 0, 1, 1, 0
0, 1, 0, 0, 0, 0, 0, 0, 0, 1, 0
0, 1, 0, 0, 0, 0, 1, 0, 1, 0, 0
0, 0, 0, 0, 0, 0, 0, 0, 0, 0, 0
1, 1, 0, 0, 0, 0, 1, 0, 0, 0, 0
1, 0, 0, 0, 0, 0, 1, 0, 1, 0, 0
0, 0, 0, 0, 0, 0, 0, 0, 0, 0, 0
1, 0, 1, 0, 0, 0, 0, 0, 1, 0, 0
0, 0, 1, 0, 0, 0, 0, 0, 1, 0, 0
0, 0, 0, 0, 0, 0, 1, 0, 0, 0, 0
1, 0, 0, 0, 0, 1, 1, 0, 1, 0, 0
0, 0, 1, 0, 0, 0, 0, 0, 0, 0, 0
0, 0, 0, 0, 0, 0, 0, 0, 1, 0, 0
0, 0, 1, 0, 0, 0, 0, 0, 0, 0, 0
0, 0, 0, 0, 0, 0, 0, 0, 1, 0, 0
0, 0, 0, 0, 0, 0, 0, 0, 0, 0, 0
0, 1, 0, 0, 0, 0, 0, 1, 0, 0, 0
1, 0, 0, 0, 0, 0, 0, 0, 0, 0, 0
0, 0, 0, 0, 0, 0, 0, 0, 0, 0, 0
1, 0, 1, 0, 0, 0, 0, 0, 1, 0, 0
0, 0, 0, 0, 0, 0, 1, 0, 0, 0, 0
1, 1, 0, 0, 0, 0, 1, 0, 1, 0, 0
1, 1, 0, 0, 0, 0, 1, 0, 0, 0, 0
0, 0, 0, 0, 0, 0, 1, 0, 0, 0, 0
0, 0, 0, 0, 0, 0, 1, 0, 1, 0, 0
0, 0, 1, 0, 0, 0, 0, 0, 0, 0, 0
0, 1, 0, 0, 0, 0, 1, 0, 1, 0, 0
0, 0, 0, 0, 0, 1, 1, 0, 0, 0, 0
0, 0, 1, 0, 0, 0, 0, 0, 0, 1, 0
0, 1, 0, 0, 0, 0, 0, 0, 1, 0, 0
0, 0, 0, 0, 0, 0, 0, 0, 0, 0, 0
0, 0, 1, 0, 0, 1, 0, 0, 1, 0, 0
1, 0, 1, 0, 0, 0, 0, 0, 0, 0, 0
1, 0, 0, 0, 0, 1, 0, 0, 1, 0, 0
0, 1, 0, 0, 0, 0, 0, 0, 0, 0, 0
0, 0, 0, 0, 0, 0, 0, 1, 1, 0, 0
0, 0, 0, 0, 0, 0, 0, 0, 0, 0, 0
1, 0, 1, 0, 0, 0, 0, 0, 0, 0, 0
1, 1, 0, 0, 0, 1, 1, 0, 0, 1, 0
0, 0, 0, 0, 0, 0, 1, 1, 1, 0, 0
1, 1, 0, 0, 0, 0, 0, 1, 0, 0, 0
1, 0, 0, 0, 0, 0, 0, 0, 0, 0, 0
1, 0, 0, 0, 0, 0, 0, 0, 1, 0, 0
0, 0, 0, 0, 0, 0, 0, 0, 0, 0, 0
0, 0, 0, 0, 0, 0, 1, 0, 0, 0, 0
0, 0, 0, 0, 0, 0, 0, 0, 0, 0, 0
1, 0, 0, 0, 0, 1, 0, 0, 1, 0, 0
1, 0, 0, 0, 0, 0, 1, 0, 1, 0, 0
0, 0, 0, 0, 0, 0, 0, 0, 1, 0, 0
1, 1, 0, 0, 0, 0, 1, 0, 0, 0, 0
0, 0, 0, 0, 0, 0, 1, 0, 1, 1, 0
0, 0, 1, 0, 0, 0, 1, 0, 1, 0, 0
0, 1, 0, 0, 0, 0, 1, 0, 1, 0, 0
1, 1, 0, 0, 0, 0, 1, 0, 0, 0, 0
0, 0, 0, 0, 0, 0, 1, 0, 0, 0, 0
0, 0, 0, 0, 0, 0, 1, 0, 0, 0, 0
1, 0, 0, 0, 0, 0, 0, 0, 0, 0, 0
1, 0, 1, 0, 0, 0, 1, 0, 0, 1, 0
0, 0, 0, 0, 0, 0, 1, 0, 1, 0, 0
0, 0, 0, 0, 0, 0, 1, 0, 0, 0, 0
0, 0, 0, 0, 0, 0, 0, 0, 0, 0, 0
0, 0, 0, 0, 0, 0, 1, 0, 1, 0, 0
0, 0, 0, 0, 0, 0, 1, 0, 1, 0, 0
1, 0, 0, 0, 0, 0, 0, 0, 1, 0, 0
0, 0, 0, 0, 0, 0, 0, 0, 0, 0, 0
0, 0, 0, 0, 0, 0, 1, 0, 1, 0, 0
0, 0, 0, 0, 0, 0, 0, 0, 0, 0, 0
0, 0, 1, 0, 0, 0, 1, 0, 0, 0, 0
0, 0, 1, 0, 0, 0, 0, 0, 1, 1, 0
0, 0, 0, 0, 0, 0, 0, 0, 0, 0, 0
1, 0, 0, 0, 0, 1, 1, 0, 0, 0, 0
0, 0, 1, 0, 0, 0, 0, 0, 1, 1, 0
0, 0, 0, 0, 0, 0, 0, 0, 0, 1, 0
1, 0, 0, 0, 0, 0, 0, 0, 1, 0, 0
0, 0, 0, 0, 0, 0, 1, 0, 0, 0, 0
0, 0, 0, 0, 0, 0, 1, 0, 0, 0, 0
0, 0, 1, 0, 0, 0, 1, 0, 0, 0, 0
0, 0, 0, 0, 0, 0, 0, 0, 0, 0, 0
0, 0, 0, 0, 0, 0, 1, 0, 1, 0, 0
0, 0, 0, 0, 0, 0, 0, 0, 1, 0, 0
0, 0, 0, 0, 0, 0, 0, 0, 0, 0, 0
0, 0, 0, 0, 0, 0, 0, 0, 1, 0, 0
0, 0, 0, 0, 0, 0, 0, 0, 0, 1, 0
0, 0, 0, 0, 0, 0, 1, 0, 0, 0, 0
1, 0, 1, 0, 0, 0, 0, 0, 0, 0, 0
0, 0, 0, 0, 0, 0, 1, 1, 0, 0, 0
0, 0, 0, 0, 0, 0, 1, 0, 1, 0, 0
1, 0, 0, 0, 0, 0, 0, 0, 0, 0, 0
1, 0, 0, 0, 0, 0, 0, 0, 0, 0, 0
1, 1, 0, 0, 0, 0, 0, 0, 0, 0, 0
0, 0, 0, 0, 0, 0, 0, 0, 0, 0, 0
0, 0, 0, 0, 0, 0, 0, 1, 1, 0, 0
0, 0, 0, 0, 0, 0, 0, 0, 0, 0, 0
1, 0, 1, 0, 0, 1, 1, 1, 1, 0, 0
1, 1, 0, 0, 0, 0, 0, 0, 0, 0, 0
0, 0, 0, 0, 0, 0, 1, 0, 1, 0, 0
0, 0, 0, 0, 0, 1, 0, 0, 0, 0, 0
0, 0, 0, 0, 0, 0, 0, 0, 1, 0, 0
0, 0, 0, 0, 0, 0, 0, 0, 0, 0, 0
1, 1, 1, 0, 0, 0, 1, 0, 1, 0, 0
0, 0, 0, 0, 0, 0, 0, 1, 0, 0, 0
1, 1, 0, 0, 0, 0, 0, 1, 0, 0, 0
0, 1, 0, 0, 0, 0, 0, 0, 0, 0, 0
1, 1, 0, 0, 0, 0, 0, 0, 0, 0, 0
0, 0, 0, 0, 0, 0, 1, 0, 1, 1, 0
0, 0, 1, 0, 0, 0, 1, 0, 0, 0, 0
0, 0, 0, 0, 0, 1, 0, 0, 1, 0, 0
0, 0, 0, 0, 0, 0, 0, 0, 0, 0, 0
1, 0, 0, 0, 0, 0, 0, 1, 1, 0, 0
0, 0, 0, 0, 1, 0, 1, 0, 0, 0, 0
1, 0, 1, 0, 0, 0, 0, 0, 0, 0, 0
0, 1, 0, 0, 0, 0, 0, 0, 1, 0, 0
0, 0, 0, 1, 0, 0, 0, 0, 1, 0, 0
1, 0, 0, 0, 0, 0, 1, 0, 0, 1, 0
0, 0, 0, 0, 0, 0, 0, 0, 0, 0, 0
1, 0, 0, 0, 0, 0, 0, 0, 1, 0, 0
1, 0, 0, 0, 0, 0, 0, 0, 0, 0, 0
0, 0, 1, 0, 0, 1, 1, 0, 1, 0, 0
1, 0, 0, 0, 0, 0, 0, 0, 0, 0, 0
0, 0, 0, 0, 0, 0, 1, 0, 0, 0, 0
0, 0, 0, 0, 0, 0, 0, 0, 1, 0, 0
0, 0, 1, 0, 0, 0, 0, 0, 1, 0, 0
0, 0, 0, 0, 1, 0, 0, 0, 0, 1, 0
1, 1, 0, 0, 0, 0, 0, 1, 1, 1, 0
0, 0, 1, 0, 0, 0, 0, 1, 0, 0, 0
0, 0, 0, 0, 0, 0, 0, 0, 0, 1, 0
1, 1, 0, 0, 0, 0, 0, 0, 1, 0, 0
0, 0, 1, 0, 0, 0, 1, 0, 1, 0, 0
1, 0, 0, 0, 0, 0, 0, 0, 0, 0, 0
0, 0, 0, 0, 0, 0, 0, 0, 0, 0, 0
0, 1, 0, 0, 0, 0, 0, 0, 0, 0, 0
0, 0, 0, 0, 0, 0, 0, 0, 0, 1, 0
0, 0, 0, 0, 0, 0, 1, 0, 0, 0, 0
1, 1, 0, 0, 0, 0, 0, 0, 0, 0, 0
1, 1, 0, 0, 0, 0, 0, 0, 0, 0, 0
1, 0, 0, 0, 0, 0, 0, 0, 0, 0, 0
0, 0, 0, 0, 0, 0, 0, 0, 1, 1, 0
1, 0, 0, 0, 0, 0, 0, 0, 1, 0, 0
1, 0, 0, 0, 0, 0, 0, 0, 0, 0, 0
0, 0, 0, 0, 0, 0, 1, 0, 0, 1, 0
1, 0, 0, 0, 0, 0, 1, 0, 1, 0, 0
0, 0, 0, 0, 0, 0, 0, 0, 0, 0, 0
0, 0, 0, 0, 0, 0, 1, 0, 1, 1, 0
1, 0, 0, 0, 0, 0, 0, 0, 0, 0, 0
0, 0, 0, 0, 0, 0, 1, 0, 1, 0, 0
0, 1, 0, 0, 0, 0, 1, 0, 0, 0, 0
1, 0, 0, 0, 0, 0, 0, 0, 1, 0, 0
1, 0, 1, 0, 0, 0, 1, 0, 1, 0, 0
1, 0, 0, 0, 0, 0, 1, 1, 0, 0, 0
0, 0, 1, 0, 0, 0, 1, 0, 1, 0, 0
0, 0, 0, 0, 0, 0, 0, 0, 0, 0, 0
0, 1, 0, 0, 0, 0, 1, 1, 0, 1, 0
0, 0, 0, 0, 0, 0, 1, 0, 0, 0, 0
0, 0, 0, 0, 0, 0, 0, 0, 0, 0, 0
1, 0, 0, 0, 0, 0, 1, 0, 0, 0, 0
0, 0, 0, 0, 0, 0, 1, 0, 0, 0, 0
1, 0, 0, 0, 0, 0, 0, 0, 1, 0, 0
0, 1, 1, 0, 0, 0, 1, 0, 0, 0, 0
0, 0, 0, 0, 0, 0, 0, 0, 0, 0, 0
0, 1, 0, 0, 0, 0, 1, 0, 0, 0, 0
0, 0, 0, 0, 0, 0, 1, 0, 0, 0, 0
1, 1, 1, 0, 0, 0, 1, 0, 1, 0, 0
1, 0, 0, 0, 0, 0, 0, 1, 1, 0, 0
0, 0, 1, 0, 0, 0, 0, 0, 0, 0, 0
0, 0, 0, 0, 0, 0, 1, 0, 0, 1, 0
0, 1, 0, 0, 0, 0, 1, 0, 0, 0, 0
1, 0, 0, 0, 0, 0, 1, 0, 0, 0, 0
0, 0, 0, 0, 0, 0, 1, 0, 1, 0, 0
1, 0, 0, 0, 0, 0, 1, 0, 1, 1, 0
1, 0, 0, 0, 0, 1, 0, 0, 0, 0, 0
1, 0, 0, 0, 0, 0, 0, 0, 1, 0, 0
0, 0, 0, 0, 0, 0, 0, 0, 0, 0, 0
0, 0, 0, 0, 0, 0, 1, 0, 0, 1, 0
1, 0, 0, 0, 0, 0, 1, 0, 0, 0, 0
0, 0, 0, 0, 0, 0, 0, 0, 0, 0, 0
0, 0, 0, 0, 0, 0, 0, 0, 0, 0, 0
0, 0, 1, 0, 0, 0, 0, 1, 1, 0, 0
0, 0, 0, 0, 0, 0, 1, 0, 1, 0, 0
0, 0, 0, 0, 0, 0, 1, 0, 0, 0, 0
0, 0, 0, 0, 0, 0, 1, 0, 0, 0, 0
1, 0, 0, 0, 0, 0, 1, 0, 0, 0, 0
0, 0, 0, 0, 0, 0, 0, 0, 0, 0, 0
0, 0, 0, 0, 0, 0, 0, 0, 1, 0, 0
1, 0, 0, 0, 0, 0, 0, 0, 1, 0, 0
0, 0, 0, 0, 0, 0, 1, 0, 0, 0, 0
1, 1, 1, 0, 0, 0, 1, 0, 1, 0, 0
0, 0, 1, 0, 0, 0, 0, 0, 0, 0, 0
0, 0, 1, 0, 0, 0, 0, 0, 0, 0, 0
1, 0, 0, 0, 0, 0, 0, 0, 0, 0, 0
0, 0, 1, 0, 0, 0, 0, 0, 0, 0, 0
0, 0, 0, 0, 0, 0, 0, 0, 0, 0, 0
0, 0, 0, 0, 0, 0, 1, 0, 1, 1, 0
1, 0, 0, 0, 0, 0, 0, 0, 0, 1, 0
0, 0, 0, 0, 0, 0, 1, 0, 0, 0, 0
1, 0, 0, 0, 0, 0, 0, 0, 0, 0, 0
0, 0, 0, 0, 0, 0, 0, 1, 0, 0, 0
0, 0, 0, 0, 0, 0, 1, 0, 1, 1, 0
0, 0, 0, 0, 0, 1, 1, 0, 0, 0, 0
0, 0, 0, 0, 0, 0, 0, 1, 0, 0, 0
0, 0, 0, 0, 0, 0, 1, 0, 0, 0, 0
0, 0, 1, 0, 0, 0, 0, 0, 0, 0, 0
0, 0, 0, 0, 0, 0, 1, 0, 0, 0, 0
0, 0, 0, 0, 0, 0, 0, 0, 0, 0, 0
1, 0, 0, 0, 0, 0, 0, 0, 1, 0, 0
0, 0, 0, 0, 0, 0, 0, 0, 0, 0, 0
0, 0, 1, 1, 0, 0, 1, 1, 1, 0, 0
1, 0, 1, 0, 0, 0, 1, 0, 1, 0, 0
0, 0, 0, 1, 0, 0, 0, 1, 0, 0, 0
1, 0, 0, 0, 0, 0, 0, 0, 0, 0, 0
1, 0, 0, 0, 0, 0, 0, 0, 0, 0, 0
0, 0, 1, 0, 0, 0, 0, 0, 1, 0, 0
0, 0, 0, 0, 0, 0, 1, 0, 0, 0, 0
1, 0, 0, 0, 0, 0, 1, 0, 1, 1, 0
0, 0, 0, 0, 0, 0, 0, 0, 0, 0, 0
0, 1, 1, 0, 0, 0, 1, 0, 0, 0, 0
0, 0, 0, 0, 0, 0, 1, 0, 0, 0, 0
0, 0, 0, 1, 0, 0, 1, 0, 0, 0, 0
1, 0, 0, 0, 0, 0, 0, 0, 0, 0, 0
0, 0, 0, 0, 0, 0, 0, 0, 0, 0, 0
0, 0, 0, 0, 0, 0, 1, 0, 0, 0, 0
0, 0, 0, 0, 0, 0, 1, 1, 0, 0, 0
0, 0, 0, 0, 0, 1, 1, 0, 1, 0, 0
0, 1, 0, 0, 0, 0, 0, 0, 0, 0, 0
1, 0, 0, 0, 0, 0, 1, 0, 1, 0, 0
1, 0, 0, 0, 0, 0, 0, 0, 0, 1, 0
1, 0, 0, 0, 0, 1, 1, 1, 1, 0, 0
0, 0, 0, 0, 1, 0, 1, 0, 0, 1, 0
0, 1, 0, 0, 0, 0, 1, 1, 0, 0, 0
1, 1, 0, 0, 0, 0, 1, 0, 0, 1, 0
0, 0, 0, 0, 0, 1, 1, 0, 0, 0, 0
1, 0, 0, 0, 0, 0, 0, 0, 0, 0, 0
0, 0, 1, 0, 1, 0, 1, 0, 0, 1, 0
0, 1, 1, 0, 0, 0, 1, 0, 0, 1, 0
0, 0, 0, 0, 0, 0, 0, 0, 1, 1, 0
0, 0, 0, 0, 0, 0, 1, 0, 0, 0, 0
1, 0, 0, 0, 0, 0, 0, 0, 0, 0, 0
0, 0, 0, 0, 0, 0, 1, 0, 0, 0, 0
1, 0, 0, 0, 0, 0, 1, 0, 0, 0, 0
0, 0, 0, 0, 0, 0, 1, 0, 0, 1, 0
0, 0, 0, 0, 0, 1, 1, 0, 0, 0, 0
0, 0, 0, 1, 0, 0, 0, 1, 0, 0, 0
0, 0, 0, 0, 0, 0, 1, 0, 0, 0, 0
0, 1, 0, 0, 0, 0, 0, 0, 0, 0, 0
0, 0, 0, 0, 0, 1, 0, 0, 0, 0, 0
0, 0, 0, 0, 0, 1, 0, 0, 1, 0, 0
0, 0, 0, 0, 0, 0, 0, 0, 0, 0, 0
1, 0, 0, 0, 0, 0, 0, 0, 0, 0, 0
0, 0, 0, 0, 0, 1, 0, 0, 0, 0, 0
0, 0, 0, 0, 0, 0, 1, 0, 1, 0, 0
0, 0, 1, 0, 0, 0, 1, 0, 0, 0, 0
0, 0, 0, 0, 0, 0, 0, 0, 0, 1, 0
0, 0, 0, 0, 0, 0, 1, 0, 0, 0, 0
0, 0, 1, 0, 0, 0, 1, 0, 1, 0, 0
0, 0, 0, 0, 0, 0, 0, 0, 0, 0, 0
1, 0, 0, 0, 0, 0, 0, 0, 0, 0, 0
0, 0, 0, 0, 0, 0, 0, 0, 0, 0, 0
0, 0, 0, 0, 0, 0, 1, 0, 0, 0, 0
1, 0, 0, 0, 0, 0, 1, 0, 0, 0, 0
0, 0, 0, 0, 0, 0, 0, 0, 1, 0, 0
0, 1, 1, 0, 0, 0, 0, 0, 0, 0, 0
0, 0, 1, 0, 0, 0, 0, 0, 1, 0, 0
1, 0, 0, 0, 0, 0, 0, 0, 1, 0, 0
0, 0, 0, 0, 0, 0, 0, 0, 0, 0, 0
0, 0, 0, 0, 0, 0, 1, 0, 0, 0, 0
1, 0, 0, 0, 0, 1, 1, 0, 0, 0, 0
1, 0, 0, 0, 0, 0, 0, 0, 0, 0, 0
0, 0, 0, 0, 0, 0, 1, 0, 0, 0, 0
0, 0, 0, 0, 0, 0, 1, 0, 0, 0, 0
1, 1, 0, 0, 0, 0, 1, 1, 0, 0, 0
0, 0, 1, 0, 0, 0, 0, 0, 0, 0, 0
0, 0, 0, 0, 0, 0, 0, 0, 0, 0, 0
0, 0, 1, 0, 0, 0, 1, 0, 0, 0, 0
1, 1, 1, 0, 0, 0, 1, 0, 0, 1, 0
1, 0, 0, 0, 0, 0, 1, 0, 1, 0, 0
0, 0, 0, 0, 0, 0, 0, 0, 0, 0, 0
0, 0, 0, 0, 0, 0, 1, 0, 0, 0, 0
0, 0, 0, 0, 0, 0, 0, 0, 0, 0, 0
1, 0, 0, 0, 0, 0, 1, 0, 1, 0, 0
1, 0, 0, 0, 0, 0, 1, 0, 0, 0, 0
1, 0, 0, 0, 0, 0, 0, 0, 0, 0, 0
1, 0, 1, 0, 0, 0, 1, 0, 0, 0, 0
0, 0, 0, 0, 0, 0, 0, 0, 1, 0, 0
0, 0, 0, 0, 0, 1, 1, 0, 0, 0, 0
0, 0, 1, 0, 0, 0, 0, 0, 0, 0, 0
0, 0, 1, 0, 0, 1, 1, 1, 1, 0, 0
0, 0, 0, 0, 0, 0, 0, 0, 0, 0, 0
1, 0, 0, 0, 0, 0, 1, 0, 0, 0, 0
0, 1, 0, 0, 0, 0, 0, 0, 0, 0, 0
1, 0, 0, 0, 0, 1, 0, 0, 0, 0, 0
0, 0, 0, 0, 0, 0, 0, 0, 0, 0, 0
1, 0, 0, 0, 0, 0, 0, 0, 0, 0, 0
0, 0, 0, 0, 0, 0, 0, 0, 1, 0, 0
0, 0, 0, 0, 0, 0, 0, 0, 0, 0, 0
0, 0, 0, 0, 0, 0, 1, 0, 0, 0, 0
0, 0, 0, 0, 0, 0, 0, 0, 0, 0, 0
0, 0, 0, 0, 0, 0, 1, 0, 1, 0, 0
0, 0, 0, 0, 0, 0, 1, 0, 0, 0, 0
1, 0, 0, 0, 0, 0, 0, 0, 0, 0, 0
1, 0, 0, 0, 0, 0, 0, 1, 0, 0, 0
0, 1, 1, 0, 0, 1, 1, 1, 1, 0, 0
0, 1, 0, 0, 0, 0, 0, 0, 0, 0, 0
1, 1, 0, 0, 0, 0, 1, 0, 0, 0, 0
0, 0, 0, 0, 0, 0, 0, 0, 0, 0, 0
1, 0, 1, 0, 0, 0, 0, 0, 0, 0, 0
0, 0, 0, 0, 0, 0, 0, 0, 0, 0, 0
1, 0, 0, 0, 0, 0, 0, 0, 0, 0, 0
0, 0, 0, 0, 0, 0, 0, 0, 0, 0, 0
1, 0, 0, 0, 0, 0, 0, 0, 0, 0, 0
0, 0, 0, 0, 0, 0, 0, 0, 0, 1, 0
0, 0, 0, 0, 0, 0, 1, 0, 0, 0, 0
1, 0, 0, 0, 0, 0, 0, 0, 0, 0, 0
0, 0, 0, 0, 0, 0, 0, 0, 0, 0, 0
0, 0, 0, 0, 0, 0, 0, 0, 0, 0, 0
0, 1, 0, 0, 0, 0, 0, 0, 0, 0, 0
0, 1, 1, 0, 0, 1, 0, 1, 1, 1, 0
1, 0, 1, 0, 0, 1, 0, 0, 0, 0, 0
1, 0, 0, 0, 0, 0, 1, 0, 0, 0, 0
1, 0, 1, 0, 0, 0, 1, 0, 0, 0, 0
1, 1, 0, 0, 0, 0, 0, 0, 0, 0, 0
0, 0, 0, 0, 0, 0, 1, 0, 1, 0, 0
1, 0, 0, 0, 0, 0, 0, 1, 0, 0, 0
0, 0, 0, 0, 0, 0, 1, 0, 1, 0, 0
1, 0, 1, 0, 0, 0, 1, 0, 0, 1, 0
0, 0, 0, 0, 0, 0, 0, 0, 0, 0, 0
1, 0, 0, 0, 0, 0, 1, 0, 0, 0, 0
1, 1, 0, 0, 0, 0, 1, 0, 0, 0, 0
0, 0, 0, 0, 0, 0, 1, 1, 0, 0, 0
1, 0, 0, 0, 0, 0, 0, 0, 0, 0, 0
0, 0, 0, 0, 0, 0, 1, 0, 1, 0, 0
0, 0, 1, 0, 0, 0, 0, 0, 0, 0, 0
1, 0, 0, 0, 0, 0, 0, 0, 1, 0, 0
1, 0, 0, 0, 0, 0, 0, 0, 0, 1, 0
1, 0, 0, 0, 0, 0, 1, 0, 1, 0, 0
0, 0, 1, 0, 0, 0, 0, 0, 0, 0, 0
0, 0, 0, 0, 0, 0, 0, 0, 0, 0, 0
0, 0, 0, 0, 0, 0, 0, 0, 0, 0, 0
1, 0, 0, 0, 0, 0, 1, 0, 0, 0, 0
0, 0, 0, 0, 0, 0, 1, 1, 0, 0, 0
0, 0, 0, 0, 0, 0, 1, 0, 0, 0, 0
1, 1, 0, 0, 0, 0, 0, 0, 0, 0, 0
0, 0, 0, 0, 0, 0, 0, 0, 1, 1, 0
0, 1, 0, 0, 0, 0, 1, 0, 0, 0, 0
1, 0, 0, 0, 0, 1, 1, 0, 1, 0, 0
1, 0, 0, 0, 0, 0, 0, 0, 1, 0, 0
1, 0, 0, 0, 0, 0, 0, 0, 0, 0, 0
0, 0, 0, 0, 0, 0, 0, 0, 0, 0, 0
0, 0, 0, 0, 0, 1, 0, 0, 0, 0, 0
0, 0, 0, 0, 0, 0, 0, 0, 0, 0, 0
0, 0, 0, 0, 0, 0, 1, 0, 0, 0, 0
0, 0, 0, 0, 0, 0, 0, 0, 0, 0, 0
1, 0, 0, 0, 0, 0, 1, 0, 0, 0, 0
0, 1, 0, 0, 0, 0, 0, 0, 0, 0, 0
1, 0, 0, 0, 0, 0, 0, 1, 0, 0, 0
1, 0, 0, 0, 0, 0, 0, 0, 0, 1, 0
0, 0, 0, 0, 0, 0, 0, 0, 0, 0, 0
0, 0, 0, 0, 0, 0, 1, 0, 0, 0, 0
0, 0, 0, 0, 0, 0, 1, 0, 0, 0, 0
0, 0, 0, 0, 0, 0, 1, 0, 0, 1, 0
1, 0, 0, 0, 0, 0, 0, 0, 0, 0, 0
1, 1, 0, 0, 0, 0, 0, 0, 0, 0, 0
1, 0, 0, 0, 0, 0, 0, 0, 0, 0, 0
1, 0, 1, 0, 0, 0, 0, 0, 0, 0, 0
0, 0, 0, 0, 0, 0, 0, 0, 0, 0, 0
0, 0, 0, 0, 0, 0, 0, 0, 1, 0, 0
0, 0, 0, 0, 0, 0, 1, 0, 0, 0, 0
0, 0, 1, 0, 0, 0, 1, 0, 0, 1, 0
1, 0, 0, 0, 0, 0, 0, 0, 1, 1, 0
0, 1, 1, 0, 0, 0, 1, 0, 1, 0, 0
1, 0, 1, 0, 0, 0, 0, 1, 0, 0, 0
0, 1, 0, 0, 0, 0, 1, 0, 1, 1, 0
0, 0, 0, 0, 0, 0, 1, 0, 0, 0, 0
0, 0, 0, 0, 0, 0, 0, 0, 0, 0, 0
0, 0, 0, 0, 0, 0, 0, 0, 0, 1, 0
1, 0, 0, 0, 0, 0, 1, 0, 0, 0, 0
1, 0, 0, 0, 1, 0, 0, 0, 0, 0, 0
0, 0, 0, 0, 0, 0, 0, 0, 0, 0, 0
0, 0, 0, 0, 0, 0, 0, 0, 0, 0, 0
0, 0, 0, 0, 1, 0, 0, 0, 0, 0, 0
0, 0, 0, 0, 0, 0, 0, 0, 0, 0, 0
0, 0, 0, 0, 0, 0, 0, 0, 0, 0, 0
1, 0, 0, 0, 0, 0, 1, 0, 0, 0, 0
0, 0, 0, 0, 0, 1, 1, 0, 1, 0, 0
0, 0, 0, 0, 0, 0, 0, 0, 1, 0, 0
0, 0, 0, 0, 0, 0, 1, 0, 0, 0, 0
0, 0, 0, 0, 0, 0, 1, 0, 0, 0, 0
0, 0, 0, 0, 0, 0, 1, 0, 0, 0, 0
1, 0, 1, 0, 0, 0, 0, 0, 0, 1, 0
0, 0, 1, 0, 0, 0, 1, 0, 0, 1, 0
1, 0, 0, 0, 0, 0, 1, 0, 0, 0, 0
0, 0, 0, 0, 0, 0, 1, 0, 0, 0, 0
0, 0, 0, 0, 0, 0, 0, 0, 0, 0, 0
1, 0, 0, 0, 0, 0, 1, 0, 0, 0, 0
0, 0, 0, 0, 0, 0, 0, 0, 0, 0, 0
0, 0, 0, 0, 0, 0, 1, 0, 1, 0, 0
0, 0, 0, 0, 0, 0, 0, 0, 1, 0, 0
0, 0, 1, 0, 0, 1, 1, 0, 0, 0, 0
0, 0, 0, 0, 0, 0, 0, 0, 0, 0, 0
0, 0, 0, 0, 0, 0, 1, 0, 0, 0, 0
0, 0, 1, 0, 0, 0, 1, 0, 0, 0, 0
1, 1, 0, 0, 0, 0, 0, 0, 0, 1, 0
0, 0, 0, 0, 0, 0, 0, 0, 0, 0, 0
1, 0, 1, 0, 0, 0, 0, 0, 0, 0, 0
0, 0, 1, 0, 0, 0, 1, 0, 0, 0, 0
1, 0, 0, 0, 0, 0, 1, 0, 0, 0, 0
0, 0, 0, 0, 0, 0, 0, 0, 0, 0, 0
0, 0, 0, 0, 0, 0, 0, 1, 1, 0, 0
0, 0, 0, 0, 0, 0, 0, 0, 0, 1, 0
0, 0, 1, 0, 0, 1, 0, 0, 0, 0, 0
0, 1, 0, 0, 0, 0, 0, 0, 1, 0, 0
0, 0, 0, 0, 0, 0, 0, 0, 0, 0, 0
0, 0, 0, 0, 0, 0, 1, 0, 0, 0, 0
0, 0, 0, 0, 0, 0, 1, 1, 0, 0, 0
0, 0, 0, 0, 0, 0, 0, 0, 0, 0, 0
0, 0, 0, 0, 0, 0, 1, 0, 1, 0, 0
0, 1, 0, 0, 0, 0, 0, 1, 1, 0, 0
0, 0, 0, 0, 0, 0, 0, 0, 0, 0, 0
0, 0, 0, 0, 0, 0, 1, 0, 0, 0, 0
0, 0, 0, 0, 0, 0, 1, 0, 0, 0, 0
0, 1, 0, 0, 0, 0, 0, 0, 0, 0, 0
1, 0, 1, 0, 0, 0, 0, 0, 1, 0, 0
1, 0, 0, 0, 0, 0, 0, 0, 0, 0, 0
0, 0, 0, 0, 0, 1, 0, 0, 0, 0, 0
0, 1, 0, 0, 0, 0, 0, 0, 0, 0, 0
0, 0, 0, 0, 0, 0, 0, 0, 1, 1, 0
1, 0, 0, 0, 0, 0, 0, 0, 1, 0, 0
0, 0, 0, 0, 0, 0, 0, 0, 1, 0, 0
0, 0, 0, 0, 0, 0, 0, 0, 0, 0, 0
0, 1, 0, 0, 0, 0, 0, 0, 0, 0, 0
0, 1, 0, 0, 0, 0, 1, 0, 0, 0, 0
0, 0, 1, 0, 0, 0, 0, 0, 0, 0, 0
0, 0, 0, 0, 0, 0, 1, 0, 1, 0, 0
0, 0, 0, 0, 0, 0, 0, 0, 0, 0, 0
0, 0, 1, 0, 1, 0, 1, 0, 0, 0, 0
1, 0, 0, 0, 0, 0, 1, 0, 0, 0, 0
0, 0, 0, 0, 0, 0, 0, 1, 0, 0, 0
0, 0, 0, 0, 0, 0, 1, 0, 0, 0, 0
0, 0, 0, 0, 0, 0, 0, 0, 0, 0, 0
0, 0, 1, 0, 0, 0, 1, 0, 0, 0, 0
1, 0, 0, 0, 0, 0, 0, 0, 0, 0, 0
1, 0, 0, 0, 0, 0, 0, 0, 0, 0, 0
0, 0, 0, 0, 0, 0, 1, 0, 0, 0, 0
0, 0, 1, 0, 0, 0, 1, 0, 0, 0, 0
0, 0, 0, 0, 0, 0, 1, 0, 0, 0, 0
0, 0, 0, 0, 0, 0, 1, 0, 0, 0, 0
0, 0, 0, 0, 0, 0, 0, 0, 0, 0, 0
0, 0, 0, 0, 0, 0, 0, 0, 0, 0, 0
0, 0, 1, 0, 0, 0, 0, 0, 1, 0, 0
1, 1, 0, 0, 0, 0, 1, 0, 0, 0, 0
1, 0, 0, 0, 0, 0, 0, 0, 1, 0, 0
0, 0, 0, 0, 0, 0, 0, 0, 0, 0, 0
1, 0, 0, 0, 0, 1, 0, 1, 0, 0, 0
0, 0, 0, 0, 0, 0, 0, 0, 0, 0, 0
1, 0, 0, 0, 0, 0, 1, 0, 0, 0, 0
1, 0, 1, 0, 0, 0, 1, 0, 1, 0, 0
1, 1, 1, 0, 0, 0, 0, 0, 0, 0, 0
0, 0, 0, 0, 0, 0, 0, 0, 1, 0, 0
1, 1, 0, 0, 0, 0, 1, 0, 0, 0, 0
0, 0, 1, 0, 0, 0, 0, 1, 0, 0, 0
1, 0, 0, 0, 0, 0, 0, 0, 0, 0, 0
1, 1, 0, 0, 1, 1, 1, 0, 1, 1, 0
1, 0, 0, 0, 0, 1, 0, 0, 0, 0, 0
0, 0, 0, 0, 0, 0, 0, 0, 0, 0, 0
0, 0, 1, 0, 0, 0, 0, 0, 0, 0, 0
0, 0, 1, 0, 0, 0, 0, 0, 0, 0, 0
0, 0, 1, 0, 0, 0, 0, 0, 0, 0, 0
0, 0, 0, 0, 0, 0, 0, 0, 0, 0, 0
0, 1, 0, 0, 0, 0, 0, 0, 1, 0, 0
0, 0, 0, 0, 0, 0, 0, 0, 0, 0, 0
1, 0, 0, 0, 0, 0, 0, 0, 0, 0, 0
0, 0, 0, 0, 0, 0, 0, 0, 0, 0, 0
0, 0, 0, 0, 0, 1, 1, 0, 0, 0, 0
1, 0, 0, 0, 0, 0, 1, 0, 0, 0, 0
0, 0, 0, 0, 0, 0, 0, 0, 0, 0, 0
0, 1, 0, 0, 0, 0, 0, 0, 0, 1, 0
0, 0, 0, 0, 0, 0, 0, 0, 0, 0, 0
1, 0, 0, 0, 0, 0, 1, 0, 0, 0, 0
0, 0, 0, 0, 0, 0, 1, 0, 1, 0, 0
0, 0, 0, 0, 0, 0, 0, 0, 0, 0, 0
0, 0, 0, 0, 0, 1, 1, 0, 1, 0, 0
0, 0, 0, 0, 0, 0, 0, 0, 0, 0, 0
1, 0, 0, 0, 0, 0, 0, 0, 0, 0, 0
1, 1, 0, 0, 0, 0, 1, 0, 1, 0, 0
0, 0, 0, 0, 0, 0, 1, 0, 0, 0, 0
0, 0, 0, 0, 0, 0, 0, 0, 0, 0, 0
0, 0, 0, 0, 0, 0, 0, 0, 0, 0, 0
0, 0, 0, 0, 0, 0, 0, 0, 1, 1, 0
1, 0, 0, 0, 0, 0, 0, 0, 1, 0, 0
1, 1, 0, 0, 0, 0, 0, 0, 0, 0, 0
1, 0, 0, 0, 0, 0, 0, 0, 0, 0, 0
0, 0, 0, 0, 0, 0, 0, 0, 1, 0, 0
0, 0, 0, 0, 0, 0, 1, 0, 0, 0, 0
0, 0, 0, 0, 0, 0, 1, 0, 0, 0, 0
0, 1, 0, 0, 0, 0, 0, 0, 0, 0, 0
0, 0, 0, 0, 0, 0, 0, 0, 0, 0, 0
0, 0, 0, 0, 0, 0, 1, 0, 0, 0, 0
0, 0, 0, 0, 0, 0, 0, 0, 0, 0, 0
1, 0, 1, 0, 0, 0, 0, 0, 0, 1, 0
0, 0, 0, 0, 0, 0, 1, 1, 0, 0, 0
1, 0, 1, 0, 0, 0, 0, 0, 0, 0, 0
0, 0, 0, 0, 0, 1, 0, 1, 0, 0, 0
0, 0, 1, 0, 0, 0, 1, 0, 0, 0, 0
0, 0, 0, 0, 0, 0, 0, 0, 0, 0, 0
1, 0, 0, 0, 0, 0, 1, 1, 0, 0, 0
1, 0, 1, 0, 0, 0, 0, 0, 0, 0, 0
1, 0, 0, 0, 0, 0, 0, 0, 0, 0, 0
0, 0, 1, 0, 0, 0, 1, 0, 0, 0, 0
0, 0, 0, 0, 0, 1, 0, 0, 0, 0, 0
1, 1, 0, 0, 0, 1, 1, 0, 0, 0, 0
0, 0, 1, 0, 0, 0, 0, 0, 1, 0, 0
0, 0, 0, 0, 0, 0, 0, 0, 1, 0, 0
1, 0, 0, 0, 0, 0, 0, 0, 0, 0, 0
1, 0, 0, 0, 0, 0, 0, 0, 0, 0, 0
0, 0, 0, 0, 0, 0, 0, 0, 1, 0, 0
1, 0, 0, 0, 0, 1, 0, 0, 1, 0, 0
0, 0, 0, 0, 0, 0, 1, 0, 0, 0, 0
0, 0, 0, 0, 0, 1, 0, 0, 1, 0, 0
0, 1, 1, 0, 0, 0, 1, 0, 0, 0, 0
1, 0, 0, 0, 0, 0, 1, 0, 0, 0, 0
1, 0, 0, 0, 0, 0, 1, 0, 1, 0, 0
1, 0, 0, 0, 0, 0, 1, 0, 0, 0, 0
1, 0, 0, 0, 0, 0, 0, 0, 1, 1, 0
1, 0, 0, 0, 0, 0, 0, 0, 1, 1, 0
1, 0, 1, 0, 0, 0, 1, 0, 1, 0, 0
0, 0, 0, 0, 0, 0, 1, 0, 0, 0, 0
1, 0, 0, 0, 0, 0, 0, 0, 0, 0, 0
0, 1, 0, 0, 1, 1, 0, 0, 1, 0, 0
0, 0, 0, 0, 0, 1, 1, 0, 1, 0, 0
0, 0, 1, 0, 0, 0, 0, 0, 0, 0, 0
1, 0, 0, 0, 0, 0, 0, 0, 0, 1, 0
0, 0, 1, 0, 0, 0, 0, 1, 0, 0, 0
1, 0, 0, 0, 0, 0, 0, 0, 1, 0, 0
1, 0, 0, 0, 0, 0, 1, 0, 1, 1, 0
0, 0, 0, 0, 0, 0, 1, 0, 0, 0, 0
0, 0, 0, 0, 0, 0, 0, 1, 0, 0, 0
0, 0, 1, 0, 1, 0, 1, 0, 0, 0, 0
0, 0, 1, 0, 0, 0, 0, 0, 0, 0, 0
0, 0, 0, 0, 0, 0, 0, 0, 0, 0, 0
0, 0, 0, 0, 0, 0, 0, 0, 0, 0, 0
0, 0, 0, 0, 0, 1, 0, 0, 0, 0, 0
1, 0, 0, 0, 0, 0, 1, 0, 0, 1, 0
0, 1, 0, 0, 0, 0, 1, 0, 1, 0, 0
0, 0, 0, 0, 0, 0, 0, 0, 0, 0, 0
0, 0, 0, 0, 0, 0, 0, 1, 0, 0, 0
0, 0, 0, 0, 0, 0, 1, 0, 0, 0, 0
0, 0, 0, 0, 0, 0, 1, 0, 0, 0, 0
0, 0, 0, 0, 0, 0, 1, 0, 1, 0, 0
0, 0, 0, 0, 1, 0, 0, 0, 0, 0, 0
0, 0, 0, 0, 0, 0, 0, 0, 0, 0, 0
0, 0, 0, 0, 0, 0, 1, 0, 0, 0, 0
1, 0, 0, 0, 0, 0, 1, 0, 0, 0, 0
1, 0, 0, 0, 0, 0, 1, 0, 0, 0, 0
0, 0, 0, 0, 0, 0, 0, 0, 0, 0, 0
0, 0, 0, 0, 0, 1, 0, 0, 0, 0, 0
0, 0, 0, 0, 0, 0, 0, 0, 0, 0, 0
0, 0, 1, 0, 0, 0, 0, 0, 1, 0, 0
0, 0, 0, 0, 0, 0, 0, 0, 0, 0, 0
0, 1, 0, 0, 0, 0, 0, 0, 0, 0, 0
1, 0, 0, 0, 0, 0, 1, 0, 1, 0, 0
1, 1, 0, 0, 0, 0, 0, 0, 1, 0, 0
1, 1, 0, 0, 0, 0, 0, 0, 0, 0, 0
0, 0, 0, 0, 0, 0, 1, 1, 0, 0, 0
1, 0, 0, 0, 0, 0, 0, 0, 1, 0, 0
1, 1, 0, 0, 0, 0, 0, 0, 0, 0, 0
0, 1, 0, 0, 0, 0, 0, 0, 0, 0, 0
1, 0, 0, 0, 0, 0, 0, 0, 0, 0, 0
0, 0, 1, 0, 0, 0, 1, 0, 0, 0, 0
0, 0, 0, 0, 0, 0, 1, 0, 0, 0, 0
0, 0, 0, 0, 0, 0, 0, 0, 0, 0, 0
0, 0, 0, 0, 0, 0, 1, 0, 0, 0, 0
0, 0, 0, 0, 0, 0, 0, 0, 0, 0, 0
1, 0, 1, 0, 0, 1, 0, 0, 0, 0, 0
1, 0, 0, 0, 0, 0, 0, 1, 0, 0, 0
0, 1, 0, 0, 0, 0, 1, 0, 0, 0, 0
0, 0, 0, 0, 0, 0, 1, 0, 0, 0, 0
1, 1, 0, 0, 0, 0, 1, 0, 0, 0, 0
0, 0, 0, 0, 0, 0, 1, 0, 0, 0, 0
0, 0, 0, 0, 0, 0, 0, 0, 0, 0, 0
0, 0, 0, 0, 0, 0, 0, 0, 0, 0, 0
0, 0, 0, 0, 0, 0, 1, 0, 0, 1, 0
0, 0, 0, 0, 0, 1, 0, 0, 0, 0, 0
0, 0, 0, 0, 0, 0, 1, 0, 0, 0, 0
1, 0, 0, 0, 0, 0, 1, 0, 0, 0, 0
1, 0, 0, 0, 0, 0, 0, 0, 0, 0, 0
1, 0, 0, 0, 0, 1, 0, 0, 0, 0, 0
0, 0, 0, 0, 0, 0, 1, 0, 1, 0, 0
1, 0, 1, 0, 0, 0, 0, 1, 0, 0, 0
0, 0, 0, 0, 0, 1, 0, 1, 1, 0, 0
0, 0, 0, 0, 0, 0, 0, 0, 0, 0, 0
1, 0, 0, 0, 0, 0, 1, 0, 1, 0, 0
1, 0, 0, 0, 0, 0, 1, 0, 0, 0, 0
0, 0, 0, 0, 0, 0, 0, 0, 0, 0, 0
0, 0, 0, 0, 0, 0, 1, 0, 0, 0, 0
0, 0, 0, 0, 0, 0, 1, 0, 0, 0, 1
0, 0, 1, 0, 0, 0, 0, 0, 0, 0, 1
0, 0, 0, 1, 0, 0, 0, 0, 0, 0, 1
0, 0, 1, 0, 0, 0, 1, 0, 0, 0, 1
0, 0, 1, 1, 0, 0, 1, 0, 0, 0, 1
0, 0, 0, 0, 0, 0, 0, 0, 0, 0, 1
0, 0, 1, 0, 0, 0, 0, 0, 0, 0, 1
0, 0, 0, 0, 0, 0, 0, 0, 0, 0, 1
0, 0, 0, 0, 0, 0, 1, 0, 1, 0, 1
0, 0, 0, 0, 0, 0, 0, 0, 0, 0, 1
0, 0, 0, 0, 0, 0, 0, 0, 0, 0, 1
0, 0, 0, 0, 1, 0, 1, 1, 0, 0, 1
0, 0, 0, 0, 0, 0, 0, 0, 0, 0, 1
0, 0, 1, 0, 0, 0, 0, 0, 0, 0, 1
1, 0, 0, 0, 0, 0, 0, 0, 0, 0, 1
0, 0, 1, 0, 0, 0, 0, 0, 0, 0, 1
0, 0, 1, 0, 0, 0, 0, 0, 0, 0, 1
0, 0, 1, 0, 0, 0, 0, 0, 0, 0, 1
0, 0, 0, 1, 1, 0, 0, 0, 0, 0, 1
0, 0, 0, 0, 0, 0, 0, 0, 0, 0, 1
0, 0, 0, 0, 0, 0, 0, 0, 0, 0, 1
0, 0, 1, 0, 0, 0, 1, 0, 0, 0, 1
1, 0, 1, 0, 0, 0, 0, 0, 0, 0, 1
0, 0, 0, 0, 0, 0, 0, 0, 0, 0, 1
0, 0, 1, 0, 0, 0, 0, 0, 0, 0, 1
0, 0, 0, 0, 0, 0, 1, 0, 0, 0, 1
0, 0, 0, 0, 0, 0, 0, 0, 0, 0, 1
0, 0, 1, 0, 0, 0, 0, 0, 0, 1, 1
0, 0, 0, 0, 1, 0, 1, 0, 0, 0, 1
0, 0, 1, 0, 0, 0, 1, 0, 0, 0, 1
0, 0, 1, 1, 0, 0, 1, 0, 0, 0, 1
0, 0, 0, 0, 0, 0, 1, 0, 0, 0, 1
0, 0, 0, 0, 0, 0, 0, 0, 0, 0, 1
0, 0, 0, 0, 1, 0, 0, 0, 0, 0, 1
0, 0, 0, 0, 0, 0, 1, 0, 0, 0, 1
0, 0, 0, 0, 0, 0, 0, 0, 1, 0, 1
0, 0, 1, 0, 1, 0, 0, 0, 0, 0, 1
0, 0, 1, 0, 0, 0, 0, 0, 0, 0, 1
0, 0, 0, 0, 0, 0, 0, 0, 0, 0, 1
0, 0, 0, 0, 0, 0, 0, 0, 0, 0, 1
0, 0, 0, 0, 0, 0, 1, 0, 0, 0, 1
0, 0, 0, 0, 0, 0, 0, 0, 0, 0, 1
0, 0, 0, 0, 0, 0, 0, 0, 0, 0, 1
0, 0, 1, 0, 0, 0, 0, 0, 0, 0, 1
0, 0, 0, 0, 0, 0, 1, 0, 0, 0, 1
0, 0, 0, 0, 0, 0, 0, 0, 0, 0, 1
0, 0, 0, 0, 0, 0, 0, 0, 0, 0, 1
0, 0, 0, 0, 0, 0, 0, 0, 0, 0, 1
0, 0, 1, 1, 0, 0, 0, 0, 1, 0, 1
0, 0, 1, 0, 0, 0, 0, 0, 0, 0, 1
0, 0, 0, 1, 0, 0, 0, 0, 0, 0, 1
1, 0, 0, 0, 0, 0, 0, 0, 0, 0, 1
0, 0, 0, 0, 0, 0, 1, 0, 0, 0, 1
0, 0, 0, 0, 0, 0, 0, 0, 0, 0, 1
0, 0, 1, 0, 0, 0, 1, 0, 0, 0, 1
1, 0, 1, 0, 0, 0, 1, 0, 0, 0, 1
0, 0, 1, 0, 0, 0, 0, 0, 0, 0, 1
0, 0, 0, 0, 0, 0, 0, 0, 0, 0, 1
0, 0, 1, 0, 0, 0, 1, 0, 0, 0, 1
0, 0, 1, 0, 0, 0, 1, 0, 1, 0, 1
0, 0, 0, 0, 1, 0, 0, 0, 0, 0, 1
0, 0, 1, 0, 1, 0, 1, 0, 0, 0, 1
0, 0, 0, 0, 0, 0, 0, 0, 0, 0, 1
0, 0, 0, 0, 0, 0, 0, 0, 1, 0, 1
0, 0, 1, 0, 0, 0, 0, 0, 0, 0, 1
0, 0, 0, 0, 0, 0, 0, 0, 0, 0, 1
0, 0, 0, 1, 0, 0, 0, 0, 0, 0, 1
0, 0, 1, 0, 0, 0, 0, 0, 0, 0, 1
0, 0, 0, 0, 0, 0, 1, 0, 0, 0, 1
0, 0, 1, 1, 0, 0, 0, 0, 0, 0, 1
0, 0, 0, 0, 0, 0, 0, 0, 0, 0, 1
0, 0, 0, 0, 0, 0, 0, 0, 0, 0, 1
0, 0, 0, 0, 0, 0, 0, 0, 0, 0, 1
0, 0, 1, 0, 0, 0, 0, 0, 0, 0, 1
0, 0, 0, 0, 0, 0, 0, 0, 0, 0, 1
1, 0, 1, 0, 1, 0, 0, 0, 0, 0, 1
0, 0, 1, 0, 0, 0, 0, 0, 0, 0, 1
0, 0, 1, 0, 0, 0, 0, 0, 0, 0, 1
0, 0, 0, 0, 1, 0, 0, 0, 0, 0, 1
1, 1, 0, 0, 0, 0, 1, 0, 0, 0, 1
0, 0, 1, 0, 0, 0, 0, 0, 0, 0, 1
0, 0, 0, 0, 0, 0, 0, 1, 0, 0, 1
0, 0, 0, 0, 0, 0, 0, 0, 0, 0, 1
0, 0, 1, 0, 0, 0, 0, 0, 0, 0, 1
1, 0, 0, 0, 0, 0, 0, 1, 0, 1, 1
0, 0, 0, 0, 0, 0, 1, 0, 0, 0, 1
0, 0, 0, 0, 0, 0, 0, 0, 0, 0, 1
0, 0, 0, 0, 0, 0, 0, 0, 0, 0, 1
0, 0, 0, 0, 0, 0, 0, 0, 0, 0, 1
0, 0, 1, 0, 0, 0, 0, 0, 1, 0, 1
0, 0, 0, 0, 0, 0, 0, 0, 0, 0, 1
1, 0, 0, 0, 0, 0, 0, 0, 0, 1, 1
0, 0, 0, 0, 0, 0, 0, 0, 0, 0, 1
1, 0, 1, 0, 0, 0, 1, 0, 0, 0, 1
0, 0, 0, 1, 0, 0, 1, 0, 0, 0, 1
0, 0, 0, 0, 0, 0, 0, 0, 0, 0, 1
1, 0, 0, 0, 0, 0, 0, 0, 0, 0, 1
0, 0, 1, 0, 1, 0, 0, 0, 0, 0, 1
0, 0, 0, 0, 0, 0, 0, 0, 0, 0, 1
0, 0, 0, 0, 0, 0, 0, 0, 0, 0, 1
0, 0, 0, 0, 0, 0, 0, 0, 0, 0, 1
0, 0, 1, 0, 0, 0, 0, 0, 1, 0, 1
0, 0, 0, 0, 0, 0, 1, 0, 0, 0, 1
0, 0, 0, 0, 0, 0, 0, 0, 0, 0, 1
0, 0, 0, 0, 0, 0, 0, 0, 0, 0, 1
0, 0, 1, 0, 0, 0, 0, 0, 1, 0, 1
0, 0, 1, 1, 1, 0, 1, 0, 0, 0, 1
0, 0, 1, 0, 1, 0, 1, 0, 0, 0, 1
0, 0, 1, 0, 0, 0, 0, 0, 0, 0, 1
0, 0, 1, 0, 0, 0, 0, 0, 0, 0, 1
0, 0, 0, 0, 1, 0, 0, 0, 0, 0, 1
0, 0, 0, 0, 0, 0, 1, 0, 0, 0, 1
0, 0, 0, 0, 0, 0, 0, 0, 0, 0, 1
0, 0, 0, 0, 0, 0, 0, 0, 0, 0, 1
1, 0, 0, 0, 0, 0, 0, 0, 0, 0, 1
0, 0, 1, 0, 0, 0, 0, 0, 0, 0, 1
0, 0, 0, 0, 0, 0, 0, 0, 0, 0, 1
0, 0, 1, 0, 0, 0, 0, 0, 0, 0, 1
0, 0, 0, 0, 0, 0, 0, 0, 0, 0, 1
0, 0, 1, 0, 0, 0, 1, 0, 1, 0, 1
0, 0, 0, 0, 0, 0, 0, 0, 0, 0, 1
0, 0, 1, 1, 0, 0, 0, 0, 1, 0, 1
0, 0, 0, 0, 0, 0, 0, 0, 0, 0, 1
0, 0, 0, 0, 0, 0, 1, 0, 0, 0, 1
0, 0, 0, 0, 0, 0, 0, 0, 0, 0, 1
0, 0, 1, 0, 0, 0, 0, 0, 0, 0, 1
0, 0, 0, 0, 0, 0, 0, 0, 0, 0, 1
0, 0, 1, 0, 1, 0, 0, 0, 0, 0, 1
0, 0, 0, 0, 0, 0, 0, 0, 0, 0, 1
0, 0, 0, 1, 0, 0, 0, 0, 1, 0, 1
0, 0, 0, 0, 0, 0, 0, 0, 0, 0, 1
0, 0, 1, 0, 0, 0, 0, 0, 0, 0, 1
0, 0, 0, 0, 0, 0, 0, 0, 0, 0, 1
0, 0, 1, 0, 0, 0, 0, 0, 0, 0, 1
0, 0, 0, 0, 0, 0, 1, 0, 0, 0, 1
0, 0, 0, 0, 0, 0, 0, 0, 0, 0, 1
0, 0, 0, 0, 0, 0, 0, 0, 1, 0, 1
0, 0, 0, 0, 0, 0, 0, 0, 0, 0, 1
0, 0, 0, 0, 0, 0, 0, 0, 0, 0, 1
0, 0, 0, 0, 0, 0, 1, 0, 0, 0, 1
0, 0, 0, 1, 0, 0, 0, 0, 0, 0, 1
0, 0, 0, 1, 0, 0, 1, 0, 0, 0, 1
0, 0, 0, 0, 0, 0, 0, 0, 0, 0, 1
0, 0, 0, 0, 0, 0, 0, 0, 0, 0, 1
0, 0, 1, 0, 0, 0, 0, 0, 0, 0, 1
0, 0, 0, 0, 0, 0, 0, 0, 0, 0, 1
0, 0, 1, 0, 0, 0, 0, 0, 0, 0, 1
0, 0, 1, 0, 0, 0, 0, 0, 1, 0, 1
0, 0, 0, 0, 0, 0, 1, 0, 0, 0, 1
0, 0, 1, 0, 0, 0, 0, 0, 0, 0, 1
0, 0, 0, 0, 1, 0, 0, 0, 0, 0, 1
1, 0, 1, 0, 0, 0, 1, 0, 0, 0, 1
0, 0, 0, 1, 0, 0, 0, 0, 0, 0, 1
0, 0, 0, 0, 0, 0, 0, 0, 0, 0, 1
0, 0, 0, 0, 0, 0, 1, 0, 0, 0, 1
0, 0, 1, 0, 0, 0, 1, 0, 0, 0, 1
0, 0, 0, 0, 0, 0, 0, 0, 0, 0, 1
0, 0, 0, 0, 0, 0, 0, 0, 0, 0, 1
0, 0, 1, 0, 0, 0, 0, 0, 0, 0, 1
1, 0, 0, 0, 1, 0, 0, 0, 0, 0, 1
0, 0, 0, 0, 0, 0, 0, 0, 0, 0, 1
0, 0, 1, 1, 0, 0, 1, 0, 0, 0, 1
0, 0, 1, 0, 0, 0, 0, 0, 0, 0, 1
0, 0, 1, 0, 0, 0, 0, 0, 0, 0, 1
0, 0, 0, 0, 0, 0, 0, 0, 0, 0, 1
0, 0, 0, 0, 0, 0, 1, 0, 0, 0, 1
0, 0, 0, 0, 0, 0, 0, 0, 0, 0, 1
0, 0, 0, 0, 1, 0, 0, 0, 0, 0, 1
0, 0, 0, 0, 1, 0, 0, 0, 0, 0, 1
0, 0, 1, 0, 0, 0, 0, 0, 0, 0, 1
0, 0, 0, 1, 0, 0, 0, 0, 0, 0, 1
0, 0, 1, 0, 0, 0, 1, 0, 0, 0, 1
0, 0, 1, 0, 1, 0, 0, 0, 1, 0, 1
1, 0, 1, 0, 0, 0, 0, 0, 0, 0, 1
0, 0, 0, 0, 0, 0, 1, 0, 0, 0, 1
0, 0, 0, 0, 0, 0, 0, 0, 0, 0, 1
1, 0, 1, 0, 1, 0, 1, 0, 0, 0, 1
0, 0, 1, 0, 0, 0, 0, 0, 0, 0, 1
0, 0, 1, 0, 1, 0, 0, 0, 1, 0, 1
1, 0, 1, 0, 0, 1, 1, 0, 0, 0, 1
1, 0, 1, 0, 0, 0, 0, 0, 0, 0, 1
0, 0, 0, 0, 0, 0, 0, 0, 0, 0, 1
0, 0, 0, 0, 0, 0, 0, 0, 0, 0, 1
0, 0, 0, 0, 0, 0, 0, 0, 0, 0, 1
0, 0, 0, 0, 0, 0, 0, 0, 0, 0, 1
0, 0, 0, 0, 0, 0, 0, 0, 0, 0, 1
0, 0, 1, 1, 0, 0, 0, 0, 1, 0, 1
1, 0, 0, 0, 0, 0, 0, 0, 0, 0, 1
0, 0, 1, 0, 0, 0, 1, 0, 1, 0, 1
0, 0, 1, 0, 0, 0, 0, 0, 1, 0, 1
0, 0, 0, 0, 0, 0, 0, 0, 0, 0, 1
0, 0, 0, 0, 0, 0, 1, 0, 0, 0, 1
1, 0, 1, 0, 0, 0, 1, 0, 0, 0, 1
0, 0, 0, 0, 0, 0, 0, 0, 0, 0, 1
0, 0, 1, 0, 0, 0, 0, 1, 0, 0, 1
0, 0, 1, 0, 0, 0, 0, 0, 0, 0, 1
0, 0, 0, 0, 0, 0, 0, 0, 0, 0, 1
0, 0, 1, 0, 0, 0, 0, 0, 0, 0, 1
0, 0, 0, 0, 0, 0, 0, 0, 0, 0, 1
0, 0, 1, 0, 0, 0, 0, 0, 1, 0, 1
0, 0, 1, 0, 0, 0, 0, 0, 0, 0, 1
0, 0, 0, 0, 0, 0, 0, 0, 0, 0, 1
0, 0, 1, 1, 0, 0, 1, 0, 0, 0, 1
1, 0, 1, 0, 1, 0, 1, 0, 0, 0, 1
0, 0, 0, 0, 1, 0, 0, 0, 0, 0, 1
0, 0, 0, 0, 0, 0, 0, 0, 0, 0, 1
1, 0, 0, 0, 0, 0, 1, 1, 0, 0, 1
0, 0, 0, 0, 0, 0, 0, 0, 0, 0, 1
0, 1, 1, 0, 0, 0, 0, 0, 1, 0, 1
1, 0, 1, 0, 0, 0, 0, 0, 0, 0, 1
0, 0, 0, 1, 0, 0, 0, 0, 0, 0, 1
0, 0, 0, 0, 0, 0, 1, 0, 0, 0, 1
0, 0, 1, 0, 1, 0, 1, 0, 0, 0, 1
1, 0, 0, 1, 0, 0, 0, 0, 0, 0, 1
0, 0, 1, 1, 0, 0, 0, 0, 0, 0, 1
0, 0, 0, 0, 0, 0, 0, 0, 0, 0, 1
0, 0, 0, 0, 0, 0, 0, 0, 0, 0, 1
0, 0, 1, 1, 0, 0, 0, 0, 0, 0, 1
0, 0, 1, 0, 0, 0, 0, 0, 0, 0, 1
0, 0, 0, 0, 0, 0, 0, 0, 0, 0, 1
0, 0, 0, 0, 0, 0, 1, 0, 0, 0, 1
0, 0, 0, 0, 0, 0, 0, 0, 1, 0, 1
0, 0, 1, 0, 0, 0, 0, 0, 0, 0, 1
0, 0, 0, 1, 0, 0, 0, 0, 0, 0, 1
0, 0, 0, 0, 0, 0, 1, 0, 1, 0, 1
0, 0, 0, 0, 0, 0, 0, 0, 0, 0, 1
1, 0, 0, 1, 0, 0, 0, 0, 0, 0, 1
0, 0, 0, 0, 0, 0, 0, 0, 0, 0, 1
0, 0, 1, 0, 0, 0, 0, 0, 0, 0, 1
0, 0, 0, 0, 0, 0, 0, 0, 0, 0, 1
0, 0, 0, 0, 0, 0, 0, 0, 0, 0, 1
0, 0, 0, 1, 0, 0, 0, 0, 0, 0, 1
0, 0, 0, 0, 0, 0, 0, 0, 0, 0, 1
0, 0, 0, 0, 0, 0, 0, 0, 0, 0, 1
0, 0, 0, 0, 0, 0, 0, 0, 0, 0, 1
0, 0, 1, 0, 1, 0, 0, 0, 0, 0, 1
1, 0, 0, 0, 1, 0, 0, 0, 0, 1, 1
0, 0, 0, 0, 0, 0, 0, 0, 0, 0, 1
0, 0, 0, 0, 0, 0, 0, 0, 0, 0, 1
0, 0, 1, 0, 0, 0, 0, 0, 0, 0, 1
0, 0, 0, 1, 0, 0, 0, 0, 0, 0, 1
0, 0, 1, 0, 0, 0, 0, 0, 0, 0, 1
0, 0, 0, 0, 0, 0, 0, 0, 0, 0, 1
0, 0, 0, 0, 0, 0, 0, 0, 1, 0, 1
0, 0, 0, 0, 0, 0, 0, 0, 0, 0, 1
1, 0, 0, 1, 0, 0, 0, 0, 0, 0, 1
0, 0, 0, 0, 0, 0, 0, 0, 0, 0, 1
0, 0, 1, 0, 0, 0, 0, 0, 0, 0, 1
0, 0, 1, 1, 0, 0, 1, 0, 1, 0, 1
0, 0, 1, 0, 1, 0, 1, 0, 0, 0, 1
0, 0, 1, 0, 0, 0, 1, 0, 0, 0, 1
0, 0, 0, 0, 0, 0, 1, 0, 0, 0, 1
0, 0, 0, 0, 0, 0, 1, 0, 1, 0, 1
0, 0, 1, 0, 0, 0, 1, 0, 0, 0, 1
0, 0, 0, 0, 0, 0, 0, 0, 0, 0, 1
0, 0, 0, 0, 0, 0, 0, 0, 0, 0, 1
0, 0, 0, 0, 0, 0, 0, 0, 1, 0, 1
0, 0, 1, 0, 0, 0, 0, 0, 0, 0, 1
0, 0, 0, 0, 0, 0, 1, 0, 0, 1, 1
0, 0, 0, 0, 0, 0, 0, 0, 0, 0, 1
1, 0, 1, 0, 0, 0, 0, 0, 0, 0, 1
0, 0, 0, 0, 0, 0, 1, 0, 0, 0, 1
0, 0, 0, 0, 0, 0, 0, 0, 0, 0, 1
0, 0, 1, 0, 0, 0, 1, 0, 0, 0, 1
0, 0, 0, 0, 0, 0, 0, 0, 0, 0, 1
0, 0, 0, 0, 0, 0, 0, 0, 0, 0, 1
0, 0, 1, 0, 0, 0, 0, 0, 0, 0, 1
1, 0, 1, 0, 0, 0, 0, 0, 0, 0, 1
0, 0, 1, 0, 0, 0, 1, 0, 0, 0, 1
0, 0, 1, 0, 1, 0, 0, 0, 0, 0, 1
0, 0, 1, 0, 0, 0, 0, 0, 1, 0, 1
0, 0, 0, 0, 0, 0, 0, 0, 0, 0, 1
0, 0, 0, 1, 0, 0, 0, 0, 0, 0, 1
0, 0, 0, 0, 1, 0, 0, 0, 0, 0, 1
0, 0, 0, 0, 1, 0, 0, 0, 0, 0, 1
1, 0, 1, 0, 1, 0, 1, 0, 0, 0, 1
0, 0, 0, 0, 0, 0, 0, 0, 0, 0, 1
0, 0, 1, 0, 0, 0, 1, 0, 0, 0, 1
0, 0, 1, 0, 0, 0, 0, 0, 0, 0, 1
0, 0, 0, 0, 0, 0, 0, 0, 0, 0, 1
0, 1, 0, 0, 0, 0, 0, 0, 0, 0, 1
0, 0, 1, 0, 0, 1, 0, 0, 0, 0, 1
0, 0, 0, 1, 0, 0, 0, 0, 0, 0, 1
0, 0, 0, 0, 0, 0, 0, 0, 0, 0, 1
0, 0, 1, 0, 0, 0, 0, 0, 0, 0, 1
0, 0, 0, 0, 0, 0, 0, 0, 0, 0, 1
0, 0, 1, 0, 0, 0, 0, 0, 0, 0, 1
0, 0, 0, 0, 0, 0, 1, 0, 1, 0, 1
0, 0, 0, 0, 0, 0, 0, 0, 0, 0, 1
0, 0, 0, 0, 0, 0, 0, 0, 0, 0, 1
0, 0, 0, 1, 1, 0, 0, 0, 0, 0, 1
0, 0, 0, 0, 0, 0, 0, 0, 0, 0, 1
0, 0, 0, 0, 0, 0, 0, 0, 0, 0, 1
0, 0, 0, 0, 0, 0, 1, 0, 0, 0, 1
0, 0, 0, 0, 0, 0, 0, 0, 0, 0, 1
0, 0, 0, 0, 0, 0, 0, 0, 0, 0, 1
0, 0, 0, 0, 0, 0, 0, 0, 0, 0, 1
0, 1, 0, 0, 0, 0, 0, 0, 0, 0, 1
0, 0, 0, 0, 0, 0, 0, 0, 0, 0, 1
1, 0, 1, 0, 0, 0, 0, 0, 0, 0, 1
0, 0, 0, 0, 0, 0, 0, 0, 0, 0, 1
0, 0, 0, 0, 1, 0, 0, 0, 0, 0, 1
1, 0, 0, 0, 0, 0, 0, 0, 1, 0, 1
0, 0, 0, 0, 0, 0, 0, 0, 0, 0, 1
1, 0, 1, 0, 1, 0, 1, 0, 0, 1, 1
0, 0, 1, 0, 0, 0, 0, 0, 0, 0, 1
0, 0, 0, 0, 0, 0, 1, 0, 0, 0, 1
0, 0, 0, 0, 0, 0, 0, 0, 0, 0, 1
0, 0, 0, 0, 0, 0, 0, 0, 0, 0, 1
0, 0, 0, 0, 0, 0, 1, 0, 0, 0, 1
0, 0, 0, 0, 0, 0, 0, 0, 0, 0, 1
0, 0, 0, 0, 1, 0, 1, 0, 1, 0, 1
0, 0, 0, 1, 0, 0, 1, 0, 0, 0, 1
0, 0, 1, 0, 0, 0, 1, 0, 1, 0, 1
0, 0, 0, 0, 0, 0, 0, 0, 1, 0, 1
0, 0, 0, 0, 0, 0, 0, 0, 0, 0, 1
0, 0, 0, 0, 0, 0, 0, 0, 1, 0, 1
1, 0, 1, 0, 1, 0, 1, 0, 1, 0, 1
0, 0, 0, 0, 0, 0, 0, 0, 0, 0, 1
0, 0, 1, 0, 0, 0, 0, 0, 0, 0, 1
0, 1, 1, 0, 0, 0, 0, 0, 0, 0, 1
0, 0, 0, 0, 0, 0, 0, 0, 0, 0, 1
0, 0, 1, 0, 0, 0, 0, 0, 0, 0, 1
0, 0, 0, 0, 0, 0, 0, 0, 1, 1, 1
0, 0, 0, 0, 1, 0, 0, 0, 0, 0, 1
0, 0, 1, 0, 0, 0, 0, 0, 0, 0, 1
0, 0, 1, 0, 0, 0, 0, 0, 0, 0, 1
0, 0, 0, 0, 0, 0, 0, 0, 0, 0, 1
0, 0, 0, 0, 0, 0, 0, 0, 0, 0, 1
0, 0, 0, 0, 0, 0, 0, 0, 0, 0, 1
0, 0, 1, 0, 0, 0, 0, 0, 0, 0, 1
0, 0, 1, 0, 0, 0, 0, 0, 0, 0, 1
1, 0, 0, 0, 0, 0, 1, 0, 0, 0, 1
1, 0, 0, 0, 0, 0, 1, 0, 0, 0, 1
0, 0, 1, 0, 1, 0, 1, 0, 0, 0, 1
0, 0, 0, 0, 0, 0, 0, 0, 0, 0, 1
0, 0, 0, 0, 0, 0, 0, 0, 0, 0, 1
1, 0, 0, 0, 0, 0, 1, 0, 0, 0, 1
0, 0, 1, 0, 0, 0, 0, 0, 0, 0, 1
0, 0, 0, 0, 0, 0, 1, 0, 0, 0, 1
0, 0, 1, 0, 0, 0, 0, 0, 0, 0, 1
0, 0, 1, 0, 1, 0, 0, 0, 0, 0, 1
0, 0, 0, 0, 0, 0, 0, 0, 0, 0, 1
0, 0, 1, 0, 0, 0, 1, 0, 0, 0, 1
0, 1, 0, 0, 1, 0, 0, 0, 1, 0, 1
0, 0, 0, 0, 0, 0, 0, 0, 0, 0, 1
0, 0, 0, 0, 0, 0, 0, 0, 0, 0, 1
0, 0, 0, 1, 0, 0, 1, 0, 0, 0, 1
0, 0, 0, 0, 0, 0, 0, 0, 0, 0, 1
0, 0, 1, 0, 0, 0, 0, 0, 0, 0, 1
0, 0, 0, 0, 0, 0, 0, 0, 0, 0, 1
0, 0, 0, 0, 1, 0, 1, 0, 0, 0, 1
0, 0, 0, 0, 0, 0, 0, 0, 0, 0, 1
0, 0, 1, 1, 0, 0, 0, 0, 0, 0, 1
0, 0, 1, 0, 0, 0, 0, 0, 0, 0, 1
0, 0, 1, 0, 0, 0, 0, 0, 0, 0, 1
0, 0, 0, 0, 0, 0, 0, 0, 0, 0, 1
0, 0, 1, 0, 0, 0, 0, 0, 1, 0, 1
0, 0, 0, 0, 0, 0, 0, 0, 0, 0, 1
1, 0, 1, 1, 0, 0, 0, 0, 0, 0, 1
1, 0, 1, 0, 1, 0, 1, 0, 1, 0, 1
0, 0, 0, 0, 0, 0, 0, 0, 0, 0, 1
0, 0, 1, 0, 0, 0, 1, 0, 0, 0, 1
0, 0, 0, 1, 1, 0, 0, 0, 0, 0, 1
0, 0, 0, 0, 0, 0, 0, 0, 1, 0, 1
0, 0, 0, 0, 0, 0, 1, 0, 0, 0, 1
1, 0, 0, 0, 0, 0, 0, 0, 0, 0, 1
0, 0, 0, 0, 0, 0, 0, 0, 0, 0, 1
0, 0, 0, 0, 1, 0, 0, 0, 0, 0, 1
0, 0, 0, 0, 0, 0, 0, 0, 1, 0, 1
0, 0, 0, 0, 0, 0, 0, 0, 0, 0, 1
0, 0, 1, 0, 0, 0, 1, 0, 0, 0, 1
0, 0, 0, 0, 1, 0, 0, 0, 0, 0, 1
0, 0, 0, 0, 0, 0, 0, 0, 0, 0, 1
0, 0, 1, 0, 0, 0, 0, 0, 0, 0, 1
0, 0, 0, 1, 0, 0, 0, 0, 0, 0, 1
1, 0, 1, 0, 0, 0, 1, 0, 0, 0, 1
0, 0, 1, 0, 0, 0, 0, 0, 0, 0, 1
0, 0, 0, 0, 1, 0, 0, 0, 1, 0, 1
0, 0, 0, 0, 0, 0, 1, 0, 0, 0, 1
0, 0, 0, 0, 0, 0, 0, 0, 0, 0, 1
0, 0, 0, 1, 0, 0, 0, 0, 0, 0, 1
0, 0, 0, 0, 0, 0, 0, 0, 0, 0, 1
0, 0, 1, 0, 0, 0, 0, 0, 0, 0, 1
0, 0, 1, 0, 0, 0, 0, 0, 0, 0, 1
0, 0, 0, 0, 0, 0, 0, 0, 0, 1, 1
0, 0, 0, 0, 0, 0, 0, 0, 0, 0, 1
0, 0, 0, 0, 0, 0, 0, 0, 1, 0, 1
0, 0, 0, 0, 1, 0, 1, 0, 0, 0, 1
0, 0, 0, 0, 0, 0, 0, 0, 0, 0, 1
0, 1, 0, 0, 0, 0, 0, 0, 0, 0, 1
0, 0, 1, 0, 0, 0, 0, 0, 1, 0, 1
0, 0, 1, 0, 0, 0, 0, 0, 0, 0, 1
0, 0, 0, 0, 0, 0, 0, 0, 0, 0, 1
0, 0, 0, 0, 0, 0, 0, 0, 0, 0, 1
0, 0, 1, 0, 0, 0, 0, 0, 0, 0, 1
0, 0, 0, 0, 0, 0, 0, 0, 0, 0, 1
0, 0, 1, 0, 0, 0, 0, 0, 0, 0, 1
0, 0, 1, 0, 0, 0, 0, 0, 0, 0, 1
0, 0, 0, 0, 0, 0, 0, 0, 0, 0, 1
1, 0, 0, 0, 0, 0, 1, 0, 0, 0, 1
0, 0, 0, 0, 0, 0, 0, 0, 0, 0, 1
0, 0, 1, 0, 0, 0, 0, 0, 0, 0, 1
0, 0, 0, 0, 0, 0, 0, 0, 0, 0, 1
0, 0, 0, 0, 0, 0, 1, 0, 0, 0, 1
0, 0, 1, 0, 0, 0, 0, 0, 0, 0, 1
1, 0, 1, 0, 0, 0, 1, 0, 0, 0, 1
0, 0, 0, 0, 0, 0, 0, 0, 0, 0, 1
0, 0, 0, 0, 0, 0, 0, 0, 0, 0, 1
0, 0, 1, 0, 0, 0, 0, 0, 0, 0, 1
0, 0, 1, 0, 0, 0, 0, 0, 0, 0, 1
0, 0, 0, 0, 1, 0, 0, 0, 0, 0, 1
0, 0, 0, 0, 0, 0, 0, 0, 1, 0, 1
0, 0, 0, 0, 1, 0, 0, 0, 0, 0, 1
0, 0, 1, 0, 0, 0, 0, 0, 0, 1, 1
0, 0, 1, 0, 0, 0, 1, 0, 0, 0, 1
0, 0, 1, 0, 1, 0, 0, 0, 1, 0, 1
0, 0, 0, 0, 0, 0, 0, 0, 0, 0, 1
0, 0, 1, 0, 0, 0, 0, 0, 0, 0, 1
0, 0, 0, 0, 0, 0, 1, 0, 0, 0, 1
0, 0, 0, 1, 0, 0, 0, 0, 1, 0, 1
0, 0, 1, 0, 0, 0, 0, 0, 0, 0, 1
0, 0, 1, 0, 0, 0, 0, 0, 1, 0, 1
0, 0, 0, 1, 0, 0, 0, 0, 0, 0, 1
0, 0, 0, 0, 0, 0, 1, 0, 0, 0, 1
0, 0, 0, 0, 0, 0, 0, 0, 0, 0, 1
0, 0, 0, 0, 0, 0, 0, 0, 0, 0, 1
0, 0, 0, 0, 0, 0, 0, 0, 1, 0, 1
0, 0, 0, 0, 0, 0, 0, 0, 0, 0, 1
0, 0, 0, 0, 1, 0, 1, 0, 0, 0, 1
0, 0, 0, 0, 0, 0, 0, 0, 0, 0, 1
0, 0, 0, 0, 0, 0, 1, 0, 0, 0, 1
0, 0, 1, 0, 0, 0, 0, 0, 0, 0, 1
0, 0, 1, 0, 0, 0, 0, 0, 1, 0, 1
0, 0, 0, 0, 0, 0, 0, 0, 0, 0, 1
0, 0, 0, 0, 0, 0, 0, 0, 1, 0, 1
0, 0, 1, 1, 0, 0, 0, 0, 0, 0, 1
0, 0, 1, 1, 0, 1, 1, 0, 0, 0, 1
0, 0, 1, 1, 0, 0, 1, 0, 1, 0, 1
0, 0, 1, 0, 0, 0, 0, 0, 0, 0, 1
0, 0, 0, 0, 0, 0, 0, 0, 0, 0, 1
0, 0, 0, 0, 0, 0, 1, 0, 0, 0, 1
0, 0, 1, 0, 0, 0, 0, 0, 0, 0, 1
0, 0, 0, 0, 0, 0, 0, 0, 0, 0, 1
0, 0, 0, 0, 0, 0, 1, 0, 0, 0, 1
0, 0, 0, 0, 0, 0, 0, 0, 0, 0, 1
0, 0, 0, 0, 0, 0, 0, 0, 0, 0, 1
0, 0, 0, 0, 0, 0, 0, 0, 0, 0, 1
1, 0, 0, 0, 0, 0, 0, 0, 0, 0, 1
0, 0, 0, 0, 0, 0, 0, 0, 0, 0, 1
0, 0, 1, 0, 0, 0, 0, 0, 0, 0, 1
0, 0, 0, 0, 0, 0, 0, 0, 0, 0, 1
0, 0, 1, 0, 0, 0, 0, 0, 0, 0, 1
1, 0, 0, 0, 0, 0, 0, 0, 0, 0, 1
0, 0, 1, 0, 0, 0, 0, 0, 0, 0, 1
0, 0, 0, 0, 0, 0, 0, 0, 1, 0, 1
0, 0, 0, 0, 0, 0, 1, 0, 0, 0, 1
0, 0, 0, 0, 1, 0, 1, 0, 1, 0, 1
0, 0, 0, 0, 0, 0, 1, 0, 1, 0, 1
0, 0, 0, 0, 1, 0, 1, 0, 0, 0, 1
0, 0, 0, 1, 0, 0, 1, 0, 0, 0, 1
0, 0, 0, 0, 0, 0, 0, 0, 0, 0, 1
0, 0, 0, 0, 0, 0, 0, 0, 0, 0, 1
0, 0, 0, 0, 0, 0, 0, 0, 0, 0, 1
0, 0, 0, 0, 0, 0, 1, 0, 0, 0, 1
0, 0, 1, 0, 0, 0, 0, 0, 0, 0, 1
0, 0, 1, 0, 0, 0, 0, 0, 0, 0, 1
0, 0, 0, 0, 0, 0, 0, 0, 0, 0, 1
0, 0, 0, 0, 0, 0, 0, 0, 1, 0, 1
0, 0, 1, 1, 0, 0, 1, 0, 0, 0, 1
0, 0, 0, 0, 0, 0, 0, 0, 0, 0, 1
0, 0, 1, 0, 0, 0, 0, 0, 0, 0, 1
0, 0, 0, 0, 0, 0, 0, 0, 1, 0, 1
0, 0, 1, 0, 0, 0, 0, 0, 1, 0, 1
0, 0, 1, 0, 0, 0, 0, 0, 0, 0, 1
0, 0, 0, 1, 0, 0, 1, 0, 1, 0, 1
1, 0, 1, 0, 1, 0, 0, 0, 0, 0, 1
0, 0, 0, 1, 0, 0, 0, 0, 0, 0, 1
0, 0, 0, 0, 0, 0, 1, 0, 1, 0, 1
0, 0, 0, 0, 0, 0, 0, 0, 0, 0, 1
0, 0, 0, 0, 0, 0, 0, 0, 0, 0, 1
0, 0, 0, 0, 0, 0, 0, 0, 0, 0, 1
0, 0, 0, 0, 0, 0, 1, 0, 0, 0, 1
0, 0, 0, 0, 0, 0, 0, 0, 0, 0, 1
0, 0, 1, 1, 0, 0, 0, 0, 0, 0, 1
0, 0, 1, 0, 0, 0, 0, 0, 0, 0, 1
0, 0, 1, 0, 1, 0, 0, 0, 0, 0, 1
0, 0, 0, 1, 0, 0, 0, 0, 0, 0, 1
1, 0, 0, 0, 0, 0, 1, 0, 1, 0, 1
0, 0, 1, 0, 1, 0, 1, 0, 0, 0, 1
0, 0, 0, 0, 0, 0, 0, 0, 0, 0, 1
1, 0, 1, 1, 0, 0, 1, 0, 0, 0, 1
1, 0, 1, 0, 0, 0, 1, 0, 0, 0, 1
0, 0, 1, 0, 0, 0, 0, 0, 0, 0, 1
0, 0, 0, 0, 0, 0, 0, 0, 0, 0, 1
0, 0, 0, 0, 0, 0, 1, 0, 0, 0, 1
0, 0, 0, 0, 0, 0, 1, 0, 0, 0, 1
0, 0, 0, 0, 0, 0, 0, 0, 0, 0, 1
1, 0, 1, 1, 0, 0, 0, 0, 0, 0, 1
0, 0, 1, 0, 0, 0, 0, 0, 0, 0, 1
0, 0, 0, 0, 0, 0, 1, 0, 1, 0, 1
1, 0, 1, 0, 1, 0, 0, 0, 1, 0, 1
0, 0, 0, 0, 1, 0, 0, 0, 0, 0, 1
0, 0, 1, 1, 0, 0, 0, 0, 0, 0, 1
0, 0, 0, 0, 0, 0, 0, 0, 0, 0, 1
0, 0, 0, 0, 0, 0, 0, 0, 0, 0, 1
0, 0, 0, 0, 0, 0, 0, 0, 0, 0, 1
0, 0, 0, 0, 1, 0, 1, 0, 0, 0, 1
0, 0, 1, 0, 0, 0, 0, 0, 0, 0, 1
0, 0, 0, 0, 0, 0, 0, 0, 0, 0, 1
0, 0, 0, 0, 0, 0, 0, 0, 0, 0, 1
0, 0, 1, 0, 1, 0, 0, 0, 0, 0, 1
0, 0, 0, 0, 0, 0, 1, 0, 0, 0, 1
0, 0, 1, 0, 0, 0, 0, 0, 0, 0, 1
0, 0, 0, 0, 0, 0, 0, 0, 0, 0, 1
0, 0, 0, 0, 0, 0, 0, 0, 0, 0, 1
0, 0, 1, 0, 0, 0, 0, 0, 0, 0, 1
0, 0, 1, 0, 0, 0, 0, 1, 0, 0, 1
0, 0, 0, 0, 0, 0, 0, 0, 0, 0, 1
0, 0, 0, 0, 0, 0, 0, 0, 0, 0, 1
0, 0, 0, 0, 0, 0, 0, 0, 0, 0, 1
0, 0, 0, 0, 1, 0, 1, 0, 0, 0, 1
0, 0, 0, 0, 0, 0, 0, 0, 0, 0, 1
0, 0, 0, 0, 0, 0, 1, 0, 0, 0, 1
0, 0, 1, 0, 0, 0, 0, 0, 0, 0, 1
0, 0, 0, 1, 1, 0, 1, 0, 0, 0, 1
0, 0, 0, 0, 0, 0, 1, 0, 1, 0, 1
0, 0, 0, 0, 0, 0, 0, 0, 0, 0, 1
0, 0, 0, 0, 0, 0, 0, 0, 0, 0, 1
0, 0, 0, 0, 0, 0, 0, 0, 0, 0, 1
0, 0, 1, 0, 0, 0, 0, 0, 1, 1, 1
1, 0, 1, 0, 0, 0, 0, 0, 0, 0, 1
0, 0, 0, 0, 0, 0, 0, 0, 0, 0, 1
1, 0, 1, 0, 0, 0, 1, 0, 0, 1, 1
0, 0, 0, 0, 0, 0, 0, 0, 0, 0, 1
0, 0, 1, 0, 0, 0, 0, 0, 0, 0, 1
1, 0, 0, 0, 0, 0, 0, 0, 0, 0, 1
1, 0, 1, 0, 0, 0, 0, 0, 1, 0, 1
0, 0, 0, 0, 0, 0, 0, 0, 0, 0, 1
0, 0, 0, 1, 0, 0, 0, 0, 0, 0, 1
0, 0, 0, 0, 1, 0, 0, 0, 0, 0, 1
1, 0, 1, 0, 0, 0, 1, 0, 0, 0, 1
0, 0, 1, 0, 0, 0, 0, 0, 0, 0, 1
0, 0, 1, 0, 0, 0, 0, 0, 0, 0, 1
0, 0, 0, 0, 0, 0, 0, 0, 0, 0, 1
0, 0, 1, 0, 0, 0, 0, 0, 0, 0, 1
0, 0, 0, 0, 1, 0, 1, 0, 0, 0, 1
0, 0, 0, 0, 0, 0, 1, 0, 0, 0, 1
0, 0, 0, 0, 0, 0, 0, 0, 0, 0, 1
0, 0, 0, 0, 0, 0, 1, 0, 0, 0, 1
0, 0, 0, 0, 0, 0, 0, 0, 0, 0, 1
1, 0, 0, 0, 0, 0, 0, 0, 0, 0, 1
1, 0, 1, 0, 0, 0, 1, 0, 1, 0, 1
0, 0, 1, 0, 0, 0, 0, 0, 0, 0, 1
0, 0, 0, 0, 1, 0, 0, 0, 0, 0, 1
0, 0, 1, 0, 0, 0, 1, 0, 0, 0, 1
0, 0, 0, 0, 0, 0, 1, 0, 0, 0, 1
0, 0, 1, 0, 0, 0, 0, 0, 0, 0, 1
0, 0, 1, 0, 0, 0, 0, 0, 0, 0, 1
0, 0, 1, 0, 0, 0, 0, 0, 1, 0, 1
0, 0, 1, 0, 1, 0, 0, 0, 0, 0, 1
0, 0, 0, 0, 0, 0, 0, 0, 0, 0, 1
0, 0, 1, 1, 1, 0, 1, 0, 0, 1, 1
0, 0, 1, 0, 0, 1, 1, 0, 0, 0, 1
0, 0, 0, 0, 0, 0, 0, 0, 0, 0, 1
0, 0, 0, 0, 1, 0, 0, 0, 0, 1, 1
0, 0, 0, 0, 0, 0, 0, 0, 0, 0, 1
0, 0, 0, 0, 0, 0, 0, 0, 0, 0, 1
0, 0, 1, 0, 0, 0, 0, 0, 0, 0, 1
0, 0, 0, 0, 0, 0, 0, 0, 0, 0, 1
0, 0, 0, 0, 0, 0, 0, 0, 0, 0, 1
0, 0, 1, 0, 0, 0, 1, 0, 0, 0, 1
0, 0, 0, 0, 0, 0, 0, 0, 0, 0, 1
1, 0, 0, 0, 0, 0, 1, 0, 1, 0, 1
0, 0, 0, 0, 0, 0, 0, 0, 1, 0, 1
0, 0, 0, 0, 0, 0, 0, 0, 0, 0, 1
0, 0, 1, 0, 0, 0, 0, 0, 1, 0, 1
0, 0, 0, 0, 0, 0, 0, 0, 0, 0, 1
0, 0, 0, 1, 0, 0, 0, 0, 0, 0, 1
0, 0, 0, 0, 0, 0, 0, 0, 0, 0, 1
0, 0, 1, 0, 0, 0, 1, 0, 0, 0, 1
0, 0, 0, 0, 0, 0, 0, 0, 0, 0, 1
0, 0, 0, 0, 0, 0, 0, 0, 0, 0, 1
0, 0, 0, 0, 0, 0, 0, 0, 0, 0, 1
0, 0, 0, 0, 0, 0, 0, 0, 0, 0, 1
0, 0, 0, 0, 0, 0, 0, 0, 0, 0, 1
0, 0, 0, 0, 0, 0, 0, 0, 0, 0, 1
0, 0, 0, 0, 0, 0, 0, 0, 0, 0, 1
0, 0, 1, 0, 0, 0, 0, 0, 0, 0, 1
0, 0, 1, 0, 0, 1, 0, 0, 0, 0, 1
1, 0, 0, 0, 0, 0, 1, 0, 0, 0, 1
0, 0, 0, 0, 1, 0, 0, 0, 0, 0, 1
1, 0, 1, 0, 0, 0, 0, 0, 0, 0, 1
0, 0, 0, 0, 1, 0, 0, 0, 0, 0, 1
0, 0, 1, 0, 0, 0, 0, 0, 0, 0, 1
0, 0, 0, 1, 0, 0, 1, 0, 0, 0, 1
0, 0, 1, 0, 0, 0, 1, 0, 0, 0, 1
0, 0, 0, 0, 0, 0, 0, 0, 0, 0, 1
0, 0, 0, 1, 0, 0, 0, 0, 0, 0, 1
0, 0, 0, 0, 0, 0, 0, 0, 0, 0, 1
